0 0.744156 0.786998 0.053938 0.103163
0 0.791801 0.728647 0.089852 0.069794
0 0.35 0.715625 0.084375 0.139583
0 0.231968 0.78333 0.070186 0.074994
0 0.234429 0.847053 0.075107 0.123273
0 0.199337 0.80739 0.054925 0.10228
0 0.193414 0.845182 0.061828 0.14453
0 0.403906 0.461458 0.048438 0.06875
0 0.450781 0.526042 0.076562 0.11875
0 0.092969 0.278125 0.032812 0.085417
0 0.763041 0.607933 0.063582 0.0867
0 0.811213 0.614332 0.091176 0.082831
0 0.836202 0.649999 0.10678 0.104165
0 0.776028 0.67212 0.070807 0.123407
0 0.498438 0.180208 0.0875 0.097917
0 0.51875 0.286458 0.109375 0.14375
0 0.472656 0.342708 0.092188 0.18125
0 0.423438 0.309375 0.034375 0.160417
0 0.513281 0.409375 0.104688 0.23125
0 0.860825 0.483311 0.059151 0.145788
0 0.835527 0.418106 0.046054 0.107045
0 0.884618 0.428411 0.081737 0.119322
0 0.867828 0.377959 0.085657 0.097586
0 0.888246 0.928125 0.070243 0.102083
0 0.166639 0.603445 0.083277 0.086056
0 0.133953 0.625601 0.061656 0.101202
0 0.140849 0.585599 0.066073 0.075364
0 0.124649 0.570688 0.049298 0.058043
0 0.669531 0.938542 0.039062 0.110417
0 0.714844 0.890625 0.073438 0.089583
0 0.705469 0.982292 0.060938 0.139583
0 0.791237 0.301693 0.20435 0.232554
0 0.769092 0.358633 0.191308 0.271433
0 0.750562 0.296169 0.169873 0.225672
0 0.728201 0.316304 0.153277 0.232608
0 0.715016 0.238627 0.148783 0.185587
0 0.691712 0.316568 0.133425 0.233135
0 0.691339 0.280908 0.120178 0.19515
0 0.663076 0.273642 0.107402 0.188951
0 0.643832 0.343938 0.097039 0.242042
0 0.651212 0.31127 0.102424 0.218374
0 0.681431 0.230395 0.119113 0.16079
0 0.643558 0.15604 0.105867 0.141247
0 0.649395 0.203187 0.09879 0.143874
0 0.652993 0.236086 0.102861 0.163838
0 0.624439 0.270913 0.080128 0.195993
0 0.624893 0.223918 0.081036 0.156169
0 0.602556 0.20014 0.064486 0.137781
0 0.591012 0.24142 0.06015 0.174506
0 0.594329 0.312813 0.063658 0.225626
0 0.588004 0.354236 0.066633 0.262639
0 0.563282 0.260692 0.048439 0.204716
0 0.569344 0.196011 0.048062 0.146188
0 0.42425 0.84304 0.057875 0.040247
0 0.903906 0.736458 0.054688 0.10625
0 0.954688 0.708333 0.1 0.070833
0 0.972656 0.764583 0.101562 0.125
0 0.949219 0.85625 0.092188 0.208333
0 0.125117 0.771141 0.093983 0.083949
0 0.146229 0.813992 0.111207 0.115485
0 0.124689 0.819118 0.086878 0.104902
0 0.099368 0.805718 0.076862 0.10727
0 0.105831 0.858045 0.086662 0.141091
0 0.082132 0.891415 0.07989 0.166164
0 0.381021 0.125506 0.049543 0.084346
