0 0.122377 0.26329 0.06663 0.130747
0 0.174031 0.308731 0.076187 0.121629
0 0.187681 0.297023 0.084737 0.110712
0 0.19064 0.270381 0.093781 0.103263
0 0.165448 0.267352 0.074647 0.097205
0 0.15578 0.225475 0.083434 0.08845
0 0.20587 0.239306 0.105491 0.082778
0 0.231319 0.261702 0.125138 0.098404
0 0.238563 0.21289 0.142752 0.088279
0 0.19441 0.19234 0.104444 0.059681
0 0.527309 0.844792 0.070243 0.102083
0 0.223438 0.710417 0.059375 0.120833
0 0.856917 0.564315 0.057584 0.082797
0 0.333417 0.530156 0.035585 0.085313
0 0.454688 0.922917 0.1 0.125
0 0.411719 0.863542 0.064062 0.05625
0 0.373438 0.896875 0.04375 0.085417
0 0.397656 0.942708 0.060938 0.122917
0 0.62645 0.908311 0.059151 0.145788
0 0.601152 0.843106 0.046054 0.107045
0 0.650243 0.853411 0.081737 0.119322
0 0.633453 0.802959 0.085657 0.097586
0 0.862576 0.344022 0.072026 0.058878
0 0.753125 0.430208 0.09375 0.072917
0 0.805469 0.49375 0.117188 0.129167
0 0.776562 0.507292 0.096875 0.114583
0 0.699219 0.490625 0.060938 0.147917
0 0.765625 0.571875 0.0875 0.160417
0 0.739062 0.621875 0.090625 0.202083
0 0.445044 0.429831 0.099464 0.10133
0 0.506687 0.511737 0.147749 0.165141
0 0.509358 0.421508 0.137465 0.088849
0 0.494609 0.631908 0.048592 0.059649
0 0.086854 0.395297 0.048708 0.082261
0 0.955469 0.386458 0.048438 0.08125
0 0.714874 0.755363 0.085998 0.148226
0 0.772154 0.705661 0.109933 0.107154
0 0.836513 0.716347 0.141777 0.09936
0 0.905776 0.734645 0.199052 0.119289
0 0.906691 0.775277 0.194632 0.142221
0 0.87325 0.747836 0.162124 0.116504
0 0.828373 0.761219 0.137996 0.126604
0 0.790505 0.775678 0.109135 0.143022
0 0.808515 0.812528 0.129531 0.175057
0 0.852007 0.833463 0.160263 0.18776
0 0.8615 0.787641 0.15425 0.141948
0 0.939062 0.853125 0.084375 0.139583
0 0.235156 0.523958 0.042188 0.13125
