0 0.563321 0.347217 0.101642 0.069433
0 0.50732 0.351883 0.04589 0.066266
0 0.527876 0.380249 0.068252 0.089664
0 0.579155 0.395734 0.111436 0.103968
0 0.949219 0.377083 0.073438 0.054167
0 0.690493 0.499677 0.152862 0.049354
0 0.658498 0.515626 0.132621 0.060419
0 0.706813 0.606632 0.157376 0.113265
0 0.627895 0.658538 0.121416 0.162909
0 0.677899 0.662244 0.133923 0.145321
0 0.659704 0.63046 0.128783 0.131754
0 0.652656 0.584983 0.133437 0.107466
0 0.730588 0.573078 0.189301 0.104489
0 0.775778 0.648273 0.207806 0.142379
0 0.812296 0.677396 0.240216 0.171458
0 0.751516 0.611354 0.190532 0.118542
0 0.74148 0.63824 0.18296 0.134813
0 0.701793 0.630378 0.147337 0.123256
0 0.707015 0.655353 0.154656 0.14404
0 0.72988 0.675348 0.17226 0.15903
0 0.757413 0.68283 0.192951 0.16566
0 0.677922 0.692021 0.155844 0.184042
0 0.541227 0.193942 0.110579 0.137885
0 0.705469 0.208333 0.076562 0.0625
0 0.338281 0.932292 0.070312 0.102083
0 0.822656 0.261458 0.039062 0.110417
0 0.867969 0.213542 0.073438 0.089583
0 0.858594 0.305208 0.060938 0.139583
0 0.633632 0.796493 0.051639 0.10132
0 0.83125 0.730208 0.05625 0.060417
0 0.871875 0.789583 0.0875 0.104167
0 0.80625 0.79375 0.046875 0.1125
0 0.821875 0.8375 0.075 0.15
0 0.206367 0.416975 0.093983 0.083949
0 0.227479 0.459826 0.111207 0.115485
0 0.205939 0.464951 0.086878 0.104902
0 0.180618 0.451551 0.076862 0.10727
0 0.187081 0.503879 0.086662 0.141091
0 0.163382 0.537249 0.07989 0.166164
0 0.888312 0.890957 0.057875 0.040247
0 0.824479 0.343686 0.042709 0.049871
0 0.847383 0.353524 0.063517 0.061214
0 0.868208 0.383528 0.073915 0.07539
0 0.863372 0.430608 0.070495 0.111216
0 0.889292 0.414082 0.081709 0.094831
0 0.912762 0.402311 0.100525 0.087956
0 0.219531 0.803125 0.054688 0.10625
0 0.270312 0.775 0.1 0.070833
0 0.288281 0.83125 0.101562 0.125
0 0.264844 0.922917 0.092188 0.208333
0 0.708614 0.939746 0.054728 0.041991
0 0.255246 0.24673 0.051117 0.09346
0 0.275592 0.136961 0.04806 0.069756
