0 0.202344 0.217708 0.048438 0.08125
0 0.378125 0.132292 0.084375 0.139583
0 0.409343 0.435456 0.07181 0.079245
0 0.396601 0.491353 0.068202 0.124373
0 0.902344 0.666667 0.076562 0.0625
0 0.489621 0.113397 0.051117 0.09346
0 0.120377 0.113171 0.07513 0.055509
0 0.640625 0.573958 0.053125 0.139583
0 0.267188 0.41875 0.19375 0.083333
0 0.3 0.482292 0.215625 0.13125
0 0.235938 0.501042 0.175 0.122917
0 0.240625 0.55 0.171875 0.154167
0 0.171875 0.534375 0.128125 0.152083
0 0.221875 0.609375 0.15625 0.20625
0 0.1875 0.609375 0.128125 0.18125
0 0.16875 0.646875 0.109375 0.222917
0 0.214844 0.711458 0.145312 0.26875
0 0.19375 0.682292 0.128125 0.252083
0 0.14375 0.595833 0.09375 0.1875
0 0.065625 0.623958 0.065625 0.21875
0 0.104688 0.639583 0.06875 0.216667
0 0.134375 0.644792 0.084375 0.227083
0 0.14375 0.721875 0.103125 0.264583
0 0.107812 0.695833 0.06875 0.254167
0 0.075 0.726042 0.046875 0.26875
0 0.103125 0.764583 0.071875 0.3
0 0.1625 0.788542 0.115625 0.314583
0 0.194531 0.810417 0.142188 0.341667
0 0.104688 0.81875 0.0875 0.341667
0 0.054688 0.780208 0.040625 0.314583
0 0.732102 0.1389 0.082955 0.081966
0 0.77295 0.129204 0.105275 0.070907
0 0.717064 0.17019 0.068504 0.098713
0 0.771494 0.189729 0.102363 0.108624
0 0.813367 0.17708 0.132984 0.104159
0 0.776356 0.156275 0.105836 0.08755
0 0.752274 0.162298 0.085798 0.087096
0 0.742188 0.188063 0.084375 0.10946
0 0.711252 0.209669 0.066254 0.127672
0 0.763317 0.220397 0.107884 0.140793
0 0.807523 0.14387 0.13067 0.083574
0 0.746124 0.44078 0.085998 0.148226
0 0.803404 0.391077 0.109933 0.107154
0 0.867763 0.401763 0.141777 0.09936
0 0.937026 0.420061 0.199052 0.119289
0 0.937941 0.460694 0.194632 0.142221
0 0.9045 0.433252 0.162124 0.116504
0 0.859623 0.446635 0.137996 0.126604
0 0.821755 0.461094 0.109135 0.143022
0 0.839765 0.497945 0.129531 0.175057
0 0.883257 0.51888 0.160263 0.18776
0 0.89275 0.473057 0.15425 0.141948
0 0.106747 0.869249 0.063494 0.092665
0 0.091362 0.940501 0.057725 0.151835
0 0.564705 0.32864 0.076284 0.086446
0 0.595122 0.367827 0.080869 0.093987
0 0.575935 0.388253 0.073746 0.114005
0 0.557401 0.369166 0.064802 0.105
0 0.332929 0.783641 0.093983 0.083949
0 0.354041 0.826492 0.111207 0.115485
0 0.332501 0.831618 0.086878 0.104902
0 0.307181 0.818218 0.076862 0.10727
0 0.313644 0.870545 0.086662 0.141091
0 0.289945 0.903915 0.07989 0.166164
0 0.466406 0.703125 0.045312 0.08125
0 0.860821 0.844913 0.087268 0.06066
0 0.521687 0.487095 0.0465 0.103357
0 0.555983 0.527234 0.074467 0.141969
