0 0.744659 0.760939 0.036194 0.080211
0 0.760821 0.797284 0.046642 0.102901
0 0.772326 0.769129 0.054026 0.088259
0 0.779651 0.733946 0.062427 0.067892
0 0.709375 0.386458 0.084375 0.139583
0 0.194531 0.513542 0.104688 0.06875
0 0.239844 0.553125 0.135938 0.102083
0 0.204688 0.636458 0.115625 0.172917
0 0.113281 0.689583 0.051562 0.220833
0 0.239844 0.763542 0.123438 0.222917
0 0.714095 0.190617 0.07194 0.085402
0 0.707022 0.216519 0.060919 0.091371
0 0.699787 0.243746 0.062073 0.120825
0 0.680018 0.197348 0.050661 0.094695
0 0.660733 0.238165 0.040217 0.12633
0 0.801562 0.255208 0.10625 0.097917
0 0.75625 0.191667 0.078125 0.058333
0 0.315625 0.769792 0.084375 0.139583
0 0.307812 0.444792 0.08125 0.072917
0 0.948438 0.692708 0.05625 0.060417
0 0.989062 0.752083 0.0875 0.104167
0 0.923438 0.75625 0.046875 0.1125
0 0.939062 0.8 0.075 0.15
0 0.504605 0.599781 0.056085 0.120395
0 0.513188 0.691581 0.060752 0.166495
0 0.544726 0.709592 0.089453 0.185851
0 0.576212 0.657423 0.096174 0.139845
0 0.543746 0.781764 0.081241 0.230195
0 0.226068 0.123516 0.086511 0.134532
0 0.475423 0.884448 0.072721 0.064728
0 0.3875 0.229167 0.1 0.125
0 0.344531 0.169792 0.064062 0.05625
0 0.30625 0.203125 0.04375 0.085417
0 0.330469 0.248958 0.060938 0.122917
0 0.91623 0.27599 0.035585 0.085313
0 0.722368 0.882414 0.097861 0.043995
0 0.694043 0.898081 0.08496 0.058661
0 0.6788 0.934097 0.070101 0.076528
0 0.693099 0.98034 0.079947 0.114846
0 0.666056 0.969051 0.053986 0.100603
0 0.634579 0.96025 0.037908 0.095501
0 0.851562 0.802083 0.059375 0.120833
0 0.297965 0.637084 0.06468 0.136668
0 0.286534 0.629813 0.051193 0.117959
0 0.267915 0.620532 0.045204 0.124398
0 0.285039 0.569297 0.057578 0.096928
0 0.259143 0.540719 0.043285 0.081438
