0 0.489844 0.672917 0.079688 0.083333
0 0.457031 0.736458 0.057812 0.13125
0 0.519531 0.755208 0.101562 0.122917
0 0.519531 0.804167 0.095312 0.154167
0 0.586719 0.788542 0.142188 0.152083
0 0.540625 0.863542 0.10625 0.20625
0 0.578906 0.863542 0.126562 0.18125
0 0.602344 0.901042 0.135938 0.222917
0 0.552344 0.965625 0.107812 0.26875
0 0.575781 0.936458 0.120312 0.252083
0 0.626562 0.85 0.153125 0.1875
0 0.686719 0.878125 0.217188 0.21875
0 0.664844 0.89375 0.179688 0.216667
0 0.638281 0.898958 0.157812 0.227083
0 0.619531 0.976042 0.157812 0.264583
0 0.663281 0.95 0.176562 0.254167
0 0.696094 0.980208 0.198438 0.26875
0 0.663281 1.01875 0.182812 0.3
0 0.600781 1.042708 0.145312 0.314583
0 0.564844 1.064583 0.126562 0.341667
0 0.650781 1.072917 0.189062 0.341667
0 0.710938 1.034375 0.215625 0.314583
0 0.245809 0.287999 0.063494 0.092665
0 0.230425 0.359251 0.057725 0.151835
0 0.90625 0.889583 0.059375 0.120833
0 0.586719 0.390625 0.032812 0.085417
0 0.322656 0.713542 0.054688 0.085417
0 0.944667 0.409881 0.048708 0.082261
0 0.697656 0.84375 0.076562 0.0625
0 0.839304 0.410502 0.050482 0.104338
0 0.754688 0.569792 0.121875 0.122917
0 0.728125 0.609375 0.09375 0.135417
0 0.697656 0.584375 0.076562 0.127083
0 0.651562 0.488542 0.059375 0.085417
0 0.709375 0.639583 0.084375 0.1625
0 0.064844 0.873958 0.070312 0.102083
0 0.182812 0.145833 0.059375 0.120833
0 0.125737 0.538687 0.095224 0.077374
0 0.112499 0.591986 0.071874 0.096472
0 0.12263 0.648906 0.08901 0.143645
0 0.149053 0.638145 0.09498 0.122123
0 0.152337 0.597539 0.10155 0.103411
0 0.850534 0.973835 0.066693 0.14767
0 0.823631 0.897685 0.053512 0.10787
0 0.838745 0.517809 0.07124 0.064785
0 0.813542 0.229102 0.042709 0.049871
0 0.836446 0.23894 0.063517 0.061214
0 0.85727 0.268945 0.073915 0.07539
0 0.852435 0.316025 0.070495 0.111216
0 0.878354 0.299499 0.081709 0.094831
0 0.901825 0.287728 0.100525 0.087956
0 0.571094 0.490625 0.042188 0.052083
0 0.6125 0.498958 0.06875 0.05625
0 0.597656 0.534375 0.064062 0.077083
0 0.577344 0.569792 0.051562 0.10625
