0 0.400477 0.664166 0.038453 0.082499
0 0.646114 0.916829 0.054728 0.041991
0 0.168718 0.118789 0.07181 0.079245
0 0.155976 0.174686 0.068202 0.124373
0 0.253423 0.579795 0.069346 0.09709
0 0.418256 0.258933 0.086511 0.134532
0 0.291406 0.690625 0.114062 0.035417
0 0.283594 0.73125 0.110938 0.066667
0 0.285938 0.780208 0.109375 0.09375
0 0.301562 0.819792 0.115625 0.127083
0 0.261719 0.819792 0.085938 0.127083
0 0.230469 0.782292 0.067188 0.102083
0 0.21875 0.7375 0.0625 0.070833
0 0.182031 0.791667 0.039062 0.120833
0 0.217188 0.819792 0.059375 0.127083
0 0.186719 0.839583 0.042188 0.141667
0 0.25 0.878125 0.096875 0.172917
0 0.792188 0.851186 0.071875 0.098205
0 0.763244 0.272925 0.085864 0.13335
0 0.767253 0.244093 0.075131 0.096519
0 0.789665 0.208681 0.098081 0.08403
0 0.804325 0.232437 0.09615 0.085708
0 0.796604 0.25582 0.096334 0.107474
0 0.541791 0.895552 0.152332 0.124438
0 0.510754 0.869455 0.124633 0.097243
0 0.511143 0.910217 0.128537 0.128768
0 0.509668 0.942703 0.125587 0.147907
0 0.470417 0.95171 0.11271 0.170086
0 0.471007 0.916545 0.101389 0.133091
0 0.483604 0.892154 0.107834 0.113475
0 0.448276 0.884148 0.093427 0.122463
0 0.442615 0.840483 0.082106 0.080966
0 0.460205 0.808563 0.09541 0.06296
0 0.428329 0.796586 0.066032 0.04734
0 0.314127 0.369421 0.07513 0.055509
0 0.663034 0.311335 0.066693 0.14767
0 0.636131 0.235185 0.053512 0.10787
0 0.889768 0.894547 0.042036 0.126593
0 0.926695 0.898508 0.069014 0.134516
0 0.903444 0.834851 0.056888 0.098869
0 0.924629 0.824025 0.080509 0.110549
0 0.715714 0.512434 0.143927 0.095701
0 0.751687 0.543449 0.169 0.120231
0 0.714173 0.585733 0.140846 0.133966
0 0.727667 0.620538 0.145959 0.153577
0 0.680481 0.638686 0.117212 0.173206
0 0.730125 0.672942 0.14775 0.195884
0 0.707247 0.689381 0.123869 0.187096
0 0.704381 0.727278 0.121263 0.221224
0 0.747786 0.751971 0.154948 0.241442
0 0.727831 0.740474 0.140037 0.235114
0 0.676541 0.701776 0.103082 0.203552
0 0.631958 0.748257 0.09204 0.254848
0 0.660855 0.749477 0.093584 0.236454
0 0.681154 0.742036 0.106059 0.234072
0 0.703992 0.788825 0.126735 0.260984
0 0.676072 0.789312 0.102144 0.261958
0 0.661293 0.826558 0.091336 0.282282
0 0.688562 0.838417 0.114624 0.297668
0 0.732487 0.828951 0.146225 0.291234
0 0.758223 0.828194 0.169571 0.302222
0 0.701491 0.871443 0.134232 0.330387
0 0.659817 0.871877 0.097759 0.32292
0 0.860984 0.556901 0.065717 0.172134
0 0.835126 0.489971 0.051502 0.129941
0 0.874428 0.501561 0.067607 0.123956
0 0.902575 0.513208 0.09265 0.143083
0 0.892877 0.443361 0.09513 0.090889
0 0.91902 0.40125 0.128664 0.056667
0 0.971875 0.236458 0.0375 0.13125
0 0.578125 0.444792 0.153125 0.08125
0 0.494531 0.477083 0.101562 0.0875
0 0.527344 0.525 0.126562 0.133333
0 0.5125 0.58125 0.109375 0.1625
0 0.482031 0.552083 0.092188 0.1375
0 0.414062 0.567708 0.04375 0.152083
0 0.464844 0.621875 0.082812 0.185417
