0 0.841406 0.432292 0.167188 0.09375
0 0.764844 0.392708 0.132812 0.052083
0 0.696094 0.414583 0.082812 0.0625
0 0.755469 0.497917 0.120312 0.129167
0 0.844531 0.530208 0.170312 0.160417
0 0.780469 0.553125 0.139062 0.164583
0 0.704688 0.544792 0.0875 0.164583
0 0.68125 0.640625 0.071875 0.222917
0 0.733594 0.690625 0.110938 0.277083
0 0.808594 0.488542 0.142188 0.11875
0 0.753906 0.428125 0.104688 0.072917
0 0.792969 0.439583 0.129688 0.079167
0 0.688281 0.482292 0.067188 0.114583
0 0.63903 0.860456 0.07181 0.079245
0 0.626289 0.916353 0.068202 0.124373
0 0.321107 0.119481 0.12034 0.072296
0 0.326243 0.171039 0.121237 0.104578
0 0.280661 0.213602 0.089447 0.135538
0 0.334817 0.393833 0.129009 0.075165
0 0.293704 0.377263 0.099908 0.06286
0 0.347014 0.428633 0.122153 0.086434
0 0.346347 0.444596 0.120819 0.097525
0 0.316947 0.413278 0.112019 0.08489
0 0.290819 0.429035 0.100389 0.099736
0 0.320774 0.452255 0.122798 0.117011
0 0.283254 0.397812 0.085257 0.070624
0 0.827039 0.932916 0.038453 0.082499
0 0.644531 0.128125 0.114062 0.035417
0 0.636719 0.16875 0.110938 0.066667
0 0.639062 0.217708 0.109375 0.09375
0 0.654688 0.257292 0.115625 0.127083
0 0.614844 0.257292 0.085938 0.127083
0 0.583594 0.219792 0.067188 0.102083
0 0.571875 0.175 0.0625 0.070833
0 0.535156 0.229167 0.039062 0.120833
0 0.570312 0.257292 0.059375 0.127083
0 0.539844 0.277083 0.042188 0.141667
0 0.603125 0.315625 0.096875 0.172917
0 0.561266 0.61695 0.116281 0.188067
0 0.577241 0.5641 0.129483 0.157366
0 0.532208 0.51652 0.105042 0.137207
0 0.460626 0.519467 0.058751 0.147268
0 0.527944 0.434094 0.084013 0.051522
0 0.427006 0.817554 0.069637 0.139276
0 0.431891 0.788532 0.063782 0.110397
0 0.438772 0.748976 0.07442 0.097951
0 0.389181 0.760578 0.050236 0.100323
0 0.390475 0.693391 0.0497 0.065949
0 0.16875 0.619792 0.096875 0.135417
0 0.13832 0.883993 0.051639 0.10132
0 0.169247 0.354666 0.063494 0.092665
0 0.153862 0.425918 0.057725 0.151835
0 0.803906 0.779167 0.048438 0.095833
0 0.853906 0.746875 0.085938 0.060417
0 0.900781 0.782292 0.114062 0.102083
0 0.934375 0.807292 0.128125 0.110417
0 0.978125 0.8125 0.159375 0.129167
0 0.929688 0.894792 0.13125 0.172917
0 0.861719 0.8875 0.092188 0.179167
0 0.817188 0.869792 0.0625 0.152083
0 0.858594 0.808333 0.076562 0.104167
0 1.014063 0.186458 0.153125 0.08125
0 0.930469 0.21875 0.101562 0.0875
0 0.963281 0.266667 0.126562 0.133333
0 0.948438 0.322917 0.109375 0.1625
0 0.917969 0.29375 0.092188 0.1375
0 0.85 0.309375 0.04375 0.152083
0 0.900781 0.363542 0.082812 0.185417
0 0.54754 0.922926 0.051329 0.104186
0 0.494425 0.278535 0.073225 0.098736
0 0.448689 0.307872 0.047378 0.128244
0 0.467838 0.233998 0.054426 0.067996
0 0.754804 0.160725 0.093983 0.083949
0 0.775916 0.203576 0.111207 0.115485
0 0.754376 0.208701 0.086878 0.104902
0 0.729056 0.195301 0.076862 0.10727
0 0.735519 0.247629 0.086662 0.141091
0 0.71182 0.280999 0.07989 0.166164
