0 0.707859 0.329817 0.065717 0.172134
0 0.682001 0.262887 0.051502 0.129941
0 0.721303 0.274478 0.067607 0.123956
0 0.74945 0.286125 0.09265 0.143083
0 0.739752 0.216278 0.09513 0.090889
0 0.765895 0.174167 0.128664 0.056667
0 0.550781 0.208333 0.048438 0.083333
0 0.303125 0.428125 0.053125 0.139583
0 0.361719 0.084375 0.032812 0.052083
0 0.380469 0.111458 0.048438 0.077083
0 0.416406 0.130208 0.067188 0.085417
0 0.460938 0.104167 0.103125 0.066667
0 0.452344 0.147917 0.092188 0.0875
0 0.447656 0.183333 0.089062 0.116667
0 0.442969 0.748958 0.085938 0.11875
0 0.571094 0.698958 0.167188 0.110417
0 0.496875 0.832292 0.11875 0.164583
0 0.95625 0.151042 0.08125 0.085417
0 0.939062 0.217708 0.05 0.11875
0 0.409487 0.412392 0.072098 0.12895
0 0.369233 0.379854 0.050966 0.118041
0 0.871229 0.724464 0.048708 0.082261
0 0.615437 0.472512 0.0465 0.103357
0 0.649733 0.512651 0.074467 0.141969
0 0.89758 0.392463 0.042036 0.126593
0 0.934507 0.396425 0.069014 0.134516
0 0.911257 0.332768 0.056888 0.098869
0 0.932442 0.321941 0.080509 0.110549
0 0.535196 0.895133 0.101642 0.069433
0 0.479195 0.8998 0.04589 0.066266
0 0.499751 0.928165 0.068252 0.089664
0 0.55103 0.943651 0.111436 0.103968
0 0.534067 0.523118 0.071258 0.096235
0 0.236705 0.559283 0.039034 0.060232
0 0.477344 0.211458 0.032812 0.085417
0 0.065429 0.574004 0.043358 0.077175
0 0.094012 0.602082 0.056774 0.08333
0 0.083283 0.636156 0.060316 0.126478
0 0.11114 0.624472 0.07228 0.107278
0 0.121759 0.665835 0.077894 0.13167
0 0.198438 0.134375 0.0875 0.097917
0 0.21875 0.240625 0.109375 0.14375
0 0.172656 0.296875 0.092188 0.18125
0 0.123438 0.263542 0.034375 0.160417
0 0.213281 0.363542 0.104688 0.23125
