0 0.463142 0.136973 0.076284 0.086446
0 0.49356 0.17616 0.080869 0.093987
0 0.474373 0.196586 0.073746 0.114005
0 0.455838 0.1775 0.064802 0.105
0 0.548274 0.717705 0.096548 0.114577
0 0.74806 0.142153 0.067994 0.088472
0 0.793495 0.72371 0.061991 0.10992
0 0.360938 0.389583 0.19375 0.083333
0 0.39375 0.453125 0.215625 0.13125
0 0.329688 0.471875 0.175 0.122917
0 0.334375 0.520833 0.171875 0.154167
0 0.265625 0.505208 0.128125 0.152083
0 0.315625 0.580208 0.15625 0.20625
0 0.28125 0.580208 0.128125 0.18125
0 0.2625 0.617708 0.109375 0.222917
0 0.308594 0.682292 0.145312 0.26875
0 0.2875 0.653125 0.128125 0.252083
0 0.2375 0.566667 0.09375 0.1875
0 0.159375 0.594792 0.065625 0.21875
0 0.198438 0.610417 0.06875 0.216667
0 0.228125 0.615625 0.084375 0.227083
0 0.2375 0.692708 0.103125 0.264583
0 0.201562 0.666667 0.06875 0.254167
0 0.16875 0.696875 0.046875 0.26875
0 0.196875 0.735417 0.071875 0.3
0 0.25625 0.759375 0.115625 0.314583
0 0.288281 0.78125 0.142188 0.341667
0 0.198438 0.789583 0.0875 0.341667
0 0.148438 0.751042 0.040625 0.314583
0 0.722621 0.632292 0.070243 0.102083
0 0.527472 0.896355 0.036194 0.080211
0 0.543634 0.932701 0.046642 0.102901
0 0.555138 0.904546 0.054026 0.088259
0 0.562463 0.869363 0.062427 0.067892
0 0.556003 0.596317 0.062006 0.196801
0 0.606609 0.588178 0.088218 0.176356
0 0.590071 0.512347 0.080143 0.133028
0 0.625391 0.519549 0.091406 0.114098
0 0.64074 0.506166 0.106479 0.112331
0 0.717188 0.742708 0.05625 0.060417
0 0.757812 0.802083 0.0875 0.104167
0 0.692188 0.80625 0.046875 0.1125
0 0.707812 0.85 0.075 0.15
0 0.891159 0.975918 0.066693 0.14767
0 0.864256 0.899768 0.053512 0.10787
0 0.778207 0.35437 0.047038 0.092073
0 0.235156 0.90625 0.042188 0.083333
0 0.357031 0.159375 0.114062 0.035417
0 0.349219 0.2 0.110938 0.066667
0 0.351562 0.248958 0.109375 0.09375
0 0.367188 0.288542 0.115625 0.127083
0 0.327344 0.288542 0.085938 0.127083
0 0.296094 0.251042 0.067188 0.102083
0 0.284375 0.20625 0.0625 0.070833
0 0.247656 0.260417 0.039062 0.120833
0 0.282812 0.288542 0.059375 0.127083
0 0.252344 0.308333 0.042188 0.141667
0 0.315625 0.346875 0.096875 0.172917
0 0.050069 0.76389 0.050138 0.09028
0 0.192969 0.725 0.064062 0.054167
0 0.166406 0.778125 0.042188 0.08125
0 0.188281 0.834375 0.064062 0.139583
0 0.079379 0.523118 0.071258 0.096235
