0 0.443043 0.123267 0.061086 0.117368
0 0.24758 0.432047 0.042036 0.126593
0 0.284507 0.436008 0.069014 0.134516
0 0.261257 0.372351 0.056888 0.098869
0 0.282442 0.361525 0.080509 0.110549
0 0.529688 0.71875 0.08125 0.045833
0 0.48125 0.728125 0.046875 0.05625
0 0.514062 0.765625 0.06875 0.08125
0 0.507812 0.809375 0.059375 0.102083
0 0.727344 0.91875 0.048438 0.083333
0 0.132696 0.284497 0.087268 0.06066
0 0.921094 0.578125 0.042188 0.114583
0 0.8731 0.228669 0.064951 0.086506
0 0.893063 0.280211 0.073625 0.114589
0 0.927063 0.297318 0.094752 0.123802
0 0.922649 0.222487 0.095299 0.078308
0 0.3625 0.326042 0.046875 0.11875
0 0.402344 0.280208 0.057812 0.035417
0 0.421875 0.291667 0.071875 0.0375
0 0.435156 0.313542 0.085938 0.064583
0 0.408594 0.338542 0.067188 0.077083
0 0.414844 0.378125 0.082812 0.127083
0 0.463281 0.346875 0.107812 0.085417
0 0.483594 0.301042 0.123438 0.05625
0 0.510156 0.336458 0.148438 0.110417
0 0.469531 0.408333 0.117188 0.1375
0 0.646114 0.950162 0.054728 0.041991
0 0.775781 0.215625 0.104688 0.06875
0 0.821094 0.255208 0.135938 0.102083
0 0.785938 0.338542 0.115625 0.172917
0 0.694531 0.391667 0.051562 0.220833
0 0.821094 0.465625 0.123438 0.222917
0 0.839844 0.634375 0.042188 0.13125
0 0.79123 0.07599 0.035585 0.085313
0 0.54375 0.453125 0.053125 0.04375
0 0.134492 0.612808 0.093983 0.083949
0 0.155604 0.655659 0.111207 0.115485
0 0.134064 0.660784 0.086878 0.104902
0 0.108743 0.647385 0.076862 0.10727
0 0.115206 0.699712 0.086662 0.141091
0 0.091507 0.733082 0.07989 0.166164
0 0.850612 0.747527 0.20435 0.232554
0 0.828467 0.804467 0.191308 0.271433
0 0.809937 0.742003 0.169873 0.225672
0 0.787576 0.762137 0.153277 0.232608
0 0.774391 0.68446 0.148783 0.185587
0 0.751087 0.762401 0.133425 0.233135
0 0.750714 0.726741 0.120178 0.19515
0 0.722451 0.719476 0.107402 0.188951
0 0.703207 0.789771 0.097039 0.242042
0 0.710587 0.757103 0.102424 0.218374
0 0.740806 0.676228 0.119113 0.16079
0 0.702933 0.601873 0.105867 0.141247
0 0.70877 0.64902 0.09879 0.143874
0 0.712368 0.681919 0.102861 0.163838
0 0.683814 0.716746 0.080128 0.195993
0 0.684268 0.669751 0.081036 0.156169
0 0.661931 0.645974 0.064486 0.137781
0 0.650387 0.687253 0.06015 0.174506
0 0.653704 0.758646 0.063658 0.225626
0 0.647379 0.80007 0.066633 0.262639
0 0.622657 0.706525 0.048439 0.204716
0 0.628719 0.641844 0.048062 0.146188
0 0.428094 0.532663 0.099938 0.111159
0 0.383128 0.53757 0.053756 0.095974
0 0.380087 0.49286 0.057049 0.073219
0 0.410879 0.486981 0.081133 0.073962
