0 0.301014 0.713861 0.083277 0.086056
0 0.268328 0.733934 0.061656 0.101202
0 0.275224 0.696015 0.066073 0.075364
0 0.259024 0.681105 0.049298 0.058043
0 0.649219 0.760417 0.073438 0.054167
0 0.494291 0.157933 0.063582 0.0867
0 0.542463 0.164332 0.091176 0.082831
0 0.567452 0.199999 0.10678 0.104165
0 0.507278 0.22212 0.070807 0.123407
0 0.759375 0.5875 0.059375 0.120833
0 0.685938 0.134375 0.04375 0.08125
0 0.24375 0.846875 0.05625 0.060417
0 0.284375 0.90625 0.0875 0.104167
0 0.21875 0.910417 0.046875 0.1125
0 0.234375 0.954167 0.075 0.15
0 0.8375 0.161458 0.10625 0.097917
0 0.792188 0.097917 0.078125 0.058333
0 0.458497 0.792171 0.07637 0.109343
0 0.439365 0.782283 0.056855 0.089565
0 0.433274 0.806261 0.063424 0.125023
0 0.42136 0.773178 0.04897 0.092189
0 0.408644 0.78644 0.039164 0.09788
0 0.200781 0.604167 0.114062 0.170833
0 0.242188 0.565625 0.1375 0.139583
0 0.160938 0.601042 0.084375 0.164583
0 0.185938 0.511458 0.096875 0.102083
0 0.226562 0.466667 0.13125 0.070833
0 0.219531 0.536458 0.120312 0.11875
0 0.197656 0.567708 0.101562 0.135417
0 0.164062 0.55 0.084375 0.129167
0 0.117188 0.56875 0.059375 0.141667
0 0.146094 0.479167 0.079688 0.095833
0 0.253125 0.503125 0.146875 0.102083
0 0.487853 0.357498 0.075705 0.077495
0 0.698554 0.348225 0.093983 0.083949
0 0.719666 0.391076 0.111207 0.115485
0 0.698126 0.396201 0.086878 0.104902
0 0.672806 0.382801 0.076862 0.10727
0 0.679269 0.435129 0.086662 0.141091
0 0.65557 0.468499 0.07989 0.166164
0 0.786348 0.974736 0.125821 0.111971
0 0.6995 0.928457 0.074 0.086081
0 0.730916 0.901524 0.083707 0.057215
0 0.764146 0.939955 0.109542 0.088244
0 0.957686 0.260171 0.040372 0.062009
0 0.169531 0.063542 0.089062 0.060417
0 0.208594 0.130208 0.107812 0.110417
0 0.292969 0.133333 0.148438 0.133333
0 0.921875 0.713542 0.0375 0.08125
0 0.482031 0.572917 0.048438 0.095833
0 0.532031 0.540625 0.085938 0.060417
0 0.578906 0.576042 0.114062 0.102083
0 0.6125 0.601042 0.128125 0.110417
0 0.65625 0.60625 0.159375 0.129167
0 0.607812 0.688542 0.13125 0.172917
0 0.539844 0.68125 0.092188 0.179167
0 0.495312 0.663542 0.0625 0.152083
0 0.536719 0.602083 0.076562 0.104167
