0 0.144517 0.640533 0.039034 0.060232
0 0.177271 0.900604 0.029542 0.080376
0 0.195291 0.903973 0.037458 0.06628
0 0.210099 0.883133 0.054573 0.062099
0 0.207272 0.964505 0.048919 0.133176
0 0.237304 0.963489 0.074607 0.131145
0 0.659872 0.181749 0.063494 0.092665
0 0.644487 0.253001 0.057725 0.151835
0 0.146875 0.109375 0.0375 0.13125
0 0.800781 0.876042 0.085938 0.11875
0 0.928906 0.826042 0.167188 0.110417
0 0.854688 0.959375 0.11875 0.164583
0 0.722435 0.409697 0.16362 0.12356
0 0.60155 0.422705 0.081226 0.153744
0 0.679961 0.336963 0.131798 0.065593
0 0.678906 0.594792 0.114062 0.035417
0 0.671094 0.635417 0.110938 0.066667
0 0.673438 0.684375 0.109375 0.09375
0 0.689062 0.723958 0.115625 0.127083
0 0.649219 0.723958 0.085938 0.127083
0 0.617969 0.686458 0.067188 0.102083
0 0.60625 0.641667 0.0625 0.070833
0 0.569531 0.695833 0.039062 0.120833
0 0.604688 0.723958 0.059375 0.127083
0 0.574219 0.74375 0.042188 0.141667
0 0.6375 0.782292 0.096875 0.172917
0 0.395756 0.342554 0.069637 0.139276
0 0.400641 0.313532 0.063782 0.110397
0 0.407522 0.273976 0.07442 0.097951
0 0.357931 0.285578 0.050236 0.100323
0 0.359225 0.218391 0.0497 0.065949
0 0.157553 0.488942 0.124481 0.177884
0 0.197004 0.438357 0.140884 0.147547
0 0.16683 0.38753 0.133659 0.112559
0 0.156718 0.358311 0.119686 0.083289
0 0.14956 0.310857 0.127245 0.055047
0 0.08698 0.348132 0.077085 0.083765
0 0.075733 0.412958 0.079592 0.134248
0 0.092439 0.461646 0.078628 0.164958
0 0.149956 0.437752 0.109286 0.133837
0 0.959269 0.655062 0.065413 0.060123
0 0.829826 0.736928 0.100277 0.115523
0 0.783408 0.722309 0.051191 0.090452
0 0.789806 0.677154 0.060862 0.066809
0 0.823127 0.683054 0.086878 0.074442
0 0.267188 0.394792 0.084375 0.139583
0 0.142019 0.522675 0.055914 0.066184
0 0.473979 0.901683 0.063582 0.0867
0 0.52215 0.908082 0.091176 0.082831
0 0.54714 0.943749 0.10678 0.104165
0 0.486966 0.96587 0.070807 0.123407
0 0.89375 0.357292 0.0875 0.097917
0 0.914062 0.463542 0.109375 0.14375
0 0.867969 0.519792 0.092188 0.18125
0 0.81875 0.486458 0.034375 0.160417
0 0.908594 0.586458 0.104688 0.23125
0 0.273242 0.759421 0.043358 0.077175
0 0.301824 0.787498 0.056774 0.08333
0 0.291095 0.821573 0.060316 0.126478
0 0.318953 0.809889 0.07228 0.107278
0 0.329572 0.851251 0.077894 0.13167
