0 0.308655 0.40755 0.057934 0.110934
0 0.313972 0.350144 0.056069 0.066954
0 0.288879 0.367809 0.040258 0.077284
0 0.634375 0.511458 0.0875 0.097917
0 0.654688 0.617708 0.109375 0.14375
0 0.608594 0.673958 0.092188 0.18125
0 0.559375 0.640625 0.034375 0.160417
0 0.649219 0.740625 0.104688 0.23125
0 0.219531 0.778125 0.114062 0.035417
0 0.211719 0.81875 0.110938 0.066667
0 0.214062 0.867708 0.109375 0.09375
0 0.229688 0.907292 0.115625 0.127083
0 0.189844 0.907292 0.085938 0.127083
0 0.158594 0.869792 0.067188 0.102083
0 0.146875 0.825 0.0625 0.070833
0 0.110156 0.879167 0.039062 0.120833
0 0.145312 0.907292 0.059375 0.127083
0 0.114844 0.927083 0.042188 0.141667
0 0.178125 0.965625 0.096875 0.172917
0 0.825685 0.556755 0.07637 0.109343
0 0.806553 0.546866 0.056855 0.089565
0 0.800462 0.570845 0.063424 0.125023
0 0.788547 0.537761 0.04897 0.092189
0 0.775832 0.551023 0.039164 0.09788
0 0.555469 0.085417 0.079688 0.083333
0 0.522656 0.148958 0.057812 0.13125
0 0.585156 0.167708 0.101562 0.122917
0 0.585156 0.216667 0.095312 0.154167
0 0.652344 0.201042 0.142188 0.152083
0 0.60625 0.276042 0.10625 0.20625
0 0.644531 0.276042 0.126562 0.18125
0 0.667969 0.313542 0.135938 0.222917
0 0.617969 0.378125 0.107812 0.26875
0 0.641406 0.348958 0.120312 0.252083
0 0.692188 0.2625 0.153125 0.1875
0 0.752344 0.290625 0.217188 0.21875
0 0.730469 0.30625 0.179688 0.216667
0 0.703906 0.311458 0.157812 0.227083
0 0.685156 0.388542 0.157812 0.264583
0 0.728906 0.3625 0.176562 0.254167
0 0.761719 0.392708 0.198438 0.26875
0 0.728906 0.43125 0.182812 0.3
0 0.666406 0.455208 0.145312 0.314583
0 0.630469 0.477083 0.126562 0.341667
0 0.716406 0.485417 0.189062 0.341667
0 0.776562 0.446875 0.215625 0.314583
0 0.827957 0.791425 0.055914 0.066184
0 0.076936 0.376001 0.075747 0.114501
0 0.139437 0.35179 0.116373 0.095246
0 0.899347 0.750522 0.036194 0.080211
0 0.915509 0.786867 0.046642 0.102901
0 0.927013 0.758713 0.054026 0.088259
0 0.934338 0.723529 0.062427 0.067892
0 0.919517 0.846783 0.039034 0.060232
0 0.723438 0.66875 0.05625 0.066667
0 0.839807 0.212508 0.085864 0.13335
0 0.843815 0.183676 0.075131 0.096519
0 0.866228 0.148265 0.098081 0.08403
0 0.880887 0.172021 0.09615 0.085708
0 0.873167 0.195403 0.096334 0.107474
0 0.461684 0.551042 0.070243 0.102083
0 0.551531 0.834746 0.099938 0.111159
0 0.506565 0.839654 0.053756 0.095974
0 0.503525 0.794943 0.057049 0.073219
0 0.534316 0.789064 0.081133 0.073962
0 0.65504 0.842914 0.075705 0.077495
0 0.464062 0.708333 0.19375 0.083333
0 0.496875 0.771875 0.215625 0.13125
0 0.432812 0.790625 0.175 0.122917
0 0.4375 0.839583 0.171875 0.154167
0 0.36875 0.823958 0.128125 0.152083
0 0.41875 0.898958 0.15625 0.20625
0 0.384375 0.898958 0.128125 0.18125
0 0.365625 0.936458 0.109375 0.222917
0 0.411719 1.001042 0.145312 0.26875
0 0.390625 0.971875 0.128125 0.252083
0 0.340625 0.885417 0.09375 0.1875
0 0.2625 0.913542 0.065625 0.21875
0 0.301562 0.929167 0.06875 0.216667
0 0.33125 0.934375 0.084375 0.227083
0 0.340625 1.011458 0.103125 0.264583
0 0.304688 0.985417 0.06875 0.254167
0 0.271875 1.015625 0.046875 0.26875
0 0.3 1.054167 0.071875 0.3
0 0.359375 1.078125 0.115625 0.314583
0 0.391406 1.1 0.142188 0.341667
0 0.301562 1.108333 0.0875 0.341667
0 0.251563 1.069792 0.040625 0.314583
0 0.983389 0.628345 0.069904 0.135857
0 0.986247 0.599706 0.063119 0.107745
0 0.990656 0.562364 0.071936 0.09556
0 0.947003 0.578211 0.050256 0.102256
0 0.944253 0.513907 0.04788 0.06948
