0 0.840104 0.916602 0.042709 0.049871
0 0.863008 0.92644 0.063517 0.061214
0 0.883833 0.956445 0.073915 0.07539
0 0.878997 1.003525 0.070495 0.111216
0 0.904917 0.986999 0.081709 0.094831
0 0.928387 0.975228 0.100525 0.087956
0 0.677443 0.879672 0.051762 0.138511
0 0.698475 0.791163 0.071949 0.086493
0 0.653808 0.817279 0.03574 0.092891
0 0.049219 0.830208 0.048438 0.072917
0 0.395871 0.657147 0.051117 0.09346
0 0.842932 0.747925 0.085864 0.13335
0 0.84694 0.719093 0.075131 0.096519
0 0.869353 0.683681 0.098081 0.08403
0 0.884012 0.707437 0.09615 0.085708
0 0.876292 0.73082 0.096334 0.107474
0 0.348889 0.780143 0.047778 0.093619
0 0.436732 0.281981 0.12034 0.072296
0 0.441868 0.333539 0.121237 0.104578
0 0.396286 0.376102 0.089447 0.135538
0 0.428906 0.788542 0.060938 0.064583
0 0.400781 0.851042 0.032812 0.10625
0 0.439844 0.858333 0.064062 0.104167
0 0.225076 0.914939 0.056402 0.079878
0 0.06436 0.586045 0.069346 0.09709
0 0.591446 0.36805 0.101642 0.069433
0 0.535445 0.372716 0.04589 0.066266
0 0.556001 0.401082 0.068252 0.089664
0 0.60728 0.416567 0.111436 0.103968
0 0.728125 0.138542 0.04375 0.08125
0 0.216406 0.553125 0.104688 0.06875
0 0.261719 0.592708 0.135938 0.102083
0 0.226562 0.676042 0.115625 0.172917
0 0.135156 0.729167 0.051562 0.220833
0 0.261719 0.803125 0.123438 0.222917
0 0.824219 0.501042 0.085938 0.11875
0 0.952344 0.451042 0.167188 0.110417
0 0.878125 0.584375 0.11875 0.164583
0 0.919531 0.163542 0.045312 0.08125
0 0.127421 0.065241 0.048592 0.059649
