0 0.766118 0.601164 0.097861 0.043995
0 0.737793 0.616831 0.08496 0.058661
0 0.72255 0.652847 0.070101 0.076528
0 0.736849 0.69909 0.079947 0.114846
0 0.709806 0.687801 0.053986 0.100603
0 0.678329 0.679 0.037908 0.095501
0 0.524804 0.799004 0.043358 0.077175
0 0.553387 0.827082 0.056774 0.08333
0 0.542658 0.861156 0.060316 0.126478
0 0.570515 0.849472 0.07228 0.107278
0 0.581134 0.890835 0.077894 0.13167
0 0.377344 0.322917 0.064062 0.054167
0 0.350781 0.376042 0.042188 0.08125
0 0.372656 0.432292 0.064062 0.139583
0 0.962828 0.889867 0.116281 0.188067
0 0.978804 0.837016 0.129483 0.157366
0 0.933771 0.789437 0.105042 0.137207
0 0.862188 0.792384 0.058751 0.147268
0 0.929506 0.707011 0.084013 0.051522
0 0.688041 0.1746 0.063582 0.0867
0 0.736213 0.180999 0.091176 0.082831
0 0.761202 0.216666 0.10678 0.104165
0 0.701028 0.238787 0.070807 0.123407
0 0.460938 0.580208 0.084375 0.139583
0 0.08702 0.231618 0.045915 0.075735
0 0.603158 0.488534 0.07194 0.085402
0 0.596084 0.514436 0.060919 0.091371
0 0.588849 0.541662 0.062073 0.120825
0 0.56908 0.495264 0.050661 0.094695
0 0.549796 0.536081 0.040217 0.12633
0 0.5875 0.660417 0.059375 0.120833
0 0.958594 0.146875 0.048438 0.097917
0 0.852344 0.411458 0.048438 0.060417
0 0.085525 0.64337 0.04605 0.111741
0 0.621875 0.267708 0.153125 0.08125
0 0.538281 0.3 0.101562 0.0875
0 0.571094 0.347917 0.126562 0.133333
0 0.55625 0.404167 0.109375 0.1625
0 0.525781 0.375 0.092188 0.1375
0 0.457812 0.390625 0.04375 0.152083
0 0.508594 0.444792 0.082812 0.185417
0 0.267061 0.433088 0.040372 0.062009
0 0.390625 0.796875 0.08125 0.085417
0 0.373438 0.863542 0.05 0.11875
0 0.769552 0.345996 0.054728 0.041991
