0 0.046687 0.393345 0.0465 0.103357
0 0.080983 0.433484 0.074467 0.141969
0 0.846875 0.767708 0.121875 0.122917
0 0.820312 0.807292 0.09375 0.135417
0 0.789844 0.782292 0.076562 0.127083
0 0.74375 0.686458 0.059375 0.085417
0 0.801562 0.8375 0.084375 0.1625
0 0.649451 0.128445 0.083277 0.086056
0 0.616766 0.150601 0.061656 0.101202
0 0.623661 0.110599 0.066073 0.075364
0 0.607462 0.095688 0.049298 0.058043
0 0.358594 0.7375 0.114062 0.170833
0 0.4 0.698958 0.1375 0.139583
0 0.31875 0.734375 0.084375 0.164583
0 0.34375 0.644792 0.096875 0.102083
0 0.384375 0.6 0.13125 0.070833
0 0.377344 0.669792 0.120312 0.11875
0 0.355469 0.701042 0.101562 0.135417
0 0.321875 0.683333 0.084375 0.129167
0 0.275 0.702083 0.059375 0.141667
0 0.303906 0.6125 0.079688 0.095833
0 0.410938 0.636458 0.146875 0.102083
0 0.629688 0.682292 0.153125 0.08125
0 0.546094 0.714583 0.101562 0.0875
0 0.578906 0.7625 0.126562 0.133333
0 0.564062 0.81875 0.109375 0.1625
0 0.533594 0.789583 0.092188 0.1375
0 0.465625 0.805208 0.04375 0.152083
0 0.516406 0.859375 0.082812 0.185417
0 0.937576 0.431522 0.072026 0.058878
0 0.164882 0.93191 0.051639 0.10132
0 0.660938 0.322917 0.04375 0.045833
0 0.657031 0.390625 0.035938 0.085417
0 0.689844 0.396875 0.064062 0.110417
0 0.654688 0.436458 0.0375 0.122917
0 0.674219 0.484375 0.051562 0.152083
0 0.257292 0.174936 0.042709 0.049871
0 0.280196 0.184774 0.063517 0.061214
0 0.30102 0.214778 0.073915 0.07539
0 0.296185 0.261858 0.070495 0.111216
0 0.322104 0.245332 0.081709 0.094831
0 0.345575 0.233561 0.100525 0.087956
0 0.349155 0.38333 0.070186 0.074994
0 0.351616 0.447053 0.075107 0.123273
0 0.316525 0.40739 0.054925 0.10228
0 0.310602 0.445182 0.061828 0.14453
0 0.822656 0.169792 0.048438 0.060417
0 0.477014 0.192643 0.047778 0.093619
0 0.12378 0.17939 0.072559 0.062946
0 0.598332 0.448812 0.065413 0.060123
0 0.739596 0.250918 0.066693 0.14767
0 0.712694 0.174768 0.053512 0.10787
0 0.907812 0.08125 0.059375 0.108333
