0 0.215625 0.605208 0.046875 0.11875
0 0.255469 0.559375 0.057812 0.035417
0 0.275 0.570833 0.071875 0.0375
0 0.288281 0.592708 0.085938 0.064583
0 0.261719 0.617708 0.067188 0.077083
0 0.267969 0.657292 0.082812 0.127083
0 0.316406 0.626042 0.107812 0.085417
0 0.336719 0.580208 0.123438 0.05625
0 0.363281 0.615625 0.148438 0.110417
0 0.322656 0.6875 0.117188 0.1375
0 0.415078 0.128843 0.133282 0.153518
0 0.767905 0.63958 0.070186 0.074994
0 0.770366 0.703303 0.075107 0.123273
0 0.735275 0.66364 0.054925 0.10228
0 0.729352 0.701432 0.061828 0.14453
0 0.731292 0.471748 0.075084 0.068495
0 0.402029 0.411014 0.085308 0.072028
0 0.382433 0.45479 0.074241 0.101248
0 0.367931 0.416586 0.063988 0.07484
0 0.34229 0.417951 0.04083 0.069236
0 0.663723 0.322821 0.11807 0.091475
0 0.602253 0.378496 0.079505 0.106992
0 0.586796 0.338785 0.070467 0.090071
0 0.615222 0.281304 0.089819 0.062608
0 1.007416 0.455969 0.152332 0.124438
0 0.976379 0.429871 0.124633 0.097243
0 0.976768 0.470634 0.128537 0.128768
0 0.975293 0.50312 0.125587 0.147907
0 0.936042 0.512127 0.11271 0.170086
0 0.936632 0.476962 0.101389 0.133091
0 0.949229 0.452571 0.107834 0.113475
0 0.913901 0.444565 0.093427 0.122463
0 0.90824 0.4009 0.082106 0.080966
0 0.92583 0.36898 0.09541 0.06296
0 0.893954 0.357003 0.066032 0.04734
0 0.588041 0.822517 0.063582 0.0867
0 0.636213 0.828915 0.091176 0.082831
0 0.661202 0.864583 0.10678 0.104165
0 0.601028 0.886704 0.070807 0.123407
0 0.192969 0.203125 0.085938 0.11875
0 0.321094 0.153125 0.167188 0.110417
0 0.246875 0.286458 0.11875 0.164583
0 0.371492 0.810316 0.083609 0.066465
0 0.923934 0.596333 0.063494 0.092665
0 0.90855 0.667584 0.057725 0.151835
0 0.488432 0.454974 0.04249 0.130782
0 0.103906 0.801042 0.032812 0.085417
0 0.777155 0.393211 0.04806 0.069756
0 0.652139 0.636678 0.069904 0.135857
0 0.654997 0.608039 0.063119 0.107745
0 0.659406 0.570697 0.071936 0.09556
0 0.615753 0.586545 0.050256 0.102256
0 0.613003 0.52224 0.04788 0.06948
0 0.539844 0.157292 0.042188 0.13125
