0 0.628125 0.421875 0.084375 0.139583
0 0.488582 0.654534 0.045915 0.075735
0 0.146094 0.572917 0.076562 0.0625
0 0.917969 0.828125 0.042188 0.114583
0 0.341412 0.464003 0.067199 0.08634
0 0.934987 0.63711 0.20435 0.232554
0 0.912842 0.69405 0.191308 0.271433
0 0.894312 0.631586 0.169873 0.225672
0 0.871951 0.651721 0.153277 0.232608
0 0.858766 0.574043 0.148783 0.185587
0 0.835462 0.651984 0.133425 0.233135
0 0.835089 0.616325 0.120178 0.19515
0 0.806826 0.609059 0.107402 0.188951
0 0.787582 0.679355 0.097039 0.242042
0 0.794962 0.646687 0.102424 0.218374
0 0.825181 0.565812 0.119113 0.16079
0 0.787308 0.491457 0.105867 0.141247
0 0.793145 0.538604 0.09879 0.143874
0 0.796743 0.571503 0.102861 0.163838
0 0.768189 0.60633 0.080128 0.195993
0 0.768643 0.559334 0.081036 0.156169
0 0.746306 0.535557 0.064486 0.137781
0 0.734762 0.576836 0.06015 0.174506
0 0.738079 0.64823 0.063658 0.225626
0 0.731754 0.689653 0.066633 0.262639
0 0.707032 0.596108 0.048439 0.204716
0 0.713094 0.531428 0.048062 0.146188
0 0.228125 0.317708 0.0375 0.13125
0 0.421018 0.367463 0.042036 0.126593
0 0.457945 0.371425 0.069014 0.134516
0 0.434694 0.307768 0.056888 0.098869
0 0.455879 0.296941 0.080509 0.110549
0 0.103167 0.755081 0.075084 0.068495
0 0.208594 0.425 0.073438 0.054167
0 0.9125 0.075 0.04375 0.045833
0 0.908594 0.142708 0.035938 0.085417
0 0.941406 0.148958 0.064062 0.110417
0 0.90625 0.188542 0.0375 0.122917
0 0.925781 0.236458 0.051562 0.152083
0 0.790493 0.105927 0.152862 0.049354
0 0.758498 0.121876 0.132621 0.060419
0 0.806813 0.212882 0.157376 0.113265
0 0.727895 0.264788 0.121416 0.162909
0 0.777899 0.268494 0.133923 0.145321
0 0.759704 0.23671 0.128783 0.131754
0 0.752656 0.191233 0.133437 0.107466
0 0.830588 0.179328 0.189301 0.104489
0 0.875778 0.254523 0.207806 0.142379
0 0.912296 0.283646 0.240216 0.171458
0 0.851516 0.217604 0.190532 0.118542
0 0.84148 0.24449 0.18296 0.134813
0 0.801793 0.236628 0.147337 0.123256
0 0.807015 0.261603 0.154656 0.14404
0 0.82988 0.281598 0.17226 0.15903
0 0.857413 0.28908 0.192951 0.16566
0 0.777922 0.298271 0.155844 0.184042
0 0.364442 0.993916 0.147634 0.316998
0 0.326046 0.98031 0.123967 0.31062
0 0.354308 0.932481 0.136741 0.269128
0 0.337824 0.909653 0.122523 0.248474
0 0.371605 0.864837 0.14946 0.225507
0 0.323811 0.857393 0.116372 0.218953
0 0.348337 0.843961 0.121673 0.192089
0 0.343028 0.803535 0.120431 0.16957
0 0.296563 0.798507 0.093125 0.172015
0 0.317085 0.798173 0.106045 0.171347
0 0.371453 0.813462 0.139782 0.176925
0 0.387495 0.73753 0.165616 0.150061
0 0.374312 0.761113 0.142374 0.143059
0 0.358241 0.777071 0.132108 0.154142
0 0.328055 0.746755 0.112359 0.135176
0 0.354731 0.731992 0.128212 0.122316
0 0.362235 0.694979 0.13072 0.094124
0 0.331252 0.691257 0.115629 0.099181
0 0.294631 0.720914 0.092387 0.120996
0 0.266946 0.725947 0.080766 0.135228
0 0.306764 0.660497 0.107277 0.091827
0 0.348479 0.646619 0.128207 0.072406
0 0.132011 0.294452 0.085897 0.14307
0 0.158941 0.257086 0.089757 0.101672
0 0.144826 0.192615 0.089652 0.068564
0 0.126382 0.210174 0.065264 0.066182
0 0.116394 0.245816 0.064038 0.095799
0 0.949494 0.361036 0.058364 0.059573
0 0.62087 0.869422 0.060491 0.105511
0 0.608449 0.826672 0.048148 0.07001
0 0.598963 0.854594 0.041676 0.088354
