0 0.681003 0.850484 0.062006 0.196801
0 0.731609 0.842345 0.088218 0.176356
0 0.715071 0.766514 0.080143 0.133028
0 0.750391 0.773716 0.091406 0.114098
0 0.76574 0.760332 0.106479 0.112331
0 0.575285 0.678158 0.063069 0.118815
0 0.780597 0.285939 0.036194 0.080211
0 0.796759 0.322284 0.046642 0.102901
0 0.808263 0.294129 0.054026 0.088259
0 0.815588 0.258946 0.062427 0.067892
0 0.177382 0.779827 0.051639 0.10132
0 0.381887 0.861825 0.095025 0.119483
0 0.342399 0.847038 0.062922 0.102409
0 0.325405 0.80821 0.05081 0.074754
0 0.384152 0.802687 0.093304 0.076208
0 0.676562 0.453125 0.034375 0.08125
0 0.956219 0.73058 0.099938 0.111159
0 0.911253 0.735487 0.053756 0.095974
0 0.908212 0.690776 0.057049 0.073219
0 0.939004 0.684898 0.081133 0.073962
0 0.167974 0.45567 0.067199 0.08634
0 0.292 0.493345 0.0465 0.103357
0 0.326296 0.533484 0.074467 0.141969
0 0.090513 0.674977 0.059151 0.145788
0 0.065214 0.609772 0.046054 0.107045
0 0.114306 0.620078 0.081737 0.119322
0 0.097516 0.569626 0.085657 0.097586
0 0.398998 0.351363 0.16362 0.12356
0 0.278113 0.364372 0.081226 0.153744
0 0.356524 0.27863 0.131798 0.065593
0 0.829755 0.482191 0.04701 0.135216
0 0.879642 0.429567 0.068659 0.117467
0 0.90543 0.506591 0.08586 0.196515
0 0.889224 0.646 0.075323 0.237833
0 0.937468 0.446899 0.109312 0.127131
0 0.887336 0.848955 0.096548 0.114577
0 0.640742 0.246141 0.093983 0.083949
0 0.661854 0.288992 0.111207 0.115485
0 0.640314 0.294118 0.086878 0.104902
0 0.614993 0.280718 0.076862 0.10727
0 0.621456 0.333045 0.086662 0.141091
0 0.597757 0.366415 0.07989 0.166164
0 0.403792 0.960149 0.057584 0.082797
0 0.522965 0.305834 0.06468 0.136668
0 0.511534 0.298563 0.051193 0.117959
0 0.492915 0.289282 0.045204 0.124398
0 0.510039 0.238047 0.057578 0.096928
0 0.484143 0.209469 0.043285 0.081438
