0 0.528125 0.31875 0.08125 0.045833
0 0.479688 0.328125 0.046875 0.05625
0 0.5125 0.365625 0.06875 0.08125
0 0.50625 0.409375 0.059375 0.102083
0 0.589321 0.736796 0.044266 0.081925
0 0.112785 0.576074 0.063069 0.118815
0 0.213512 0.474662 0.073898 0.086823
0 0.20777 0.504304 0.059289 0.091941
0 0.216309 0.518908 0.070118 0.108649
0 0.248309 0.531213 0.105993 0.137426
0 0.194836 0.517595 0.055297 0.106023
0 0.10912 0.93621 0.061991 0.10992
0 0.424219 0.508022 0.060938 0.078543
0 0.853009 0.088663 0.087268 0.06066
0 0.696094 0.428125 0.042188 0.052083
0 0.7375 0.436458 0.06875 0.05625
0 0.722656 0.471875 0.064062 0.077083
0 0.702344 0.507292 0.051562 0.10625
0 0.621094 0.473958 0.045312 0.08125
0 0.475612 0.86836 0.20435 0.232554
0 0.453467 0.9253 0.191308 0.271433
0 0.434937 0.862836 0.169873 0.225672
0 0.412576 0.882971 0.153277 0.232608
0 0.399391 0.805293 0.148783 0.185587
0 0.376087 0.883234 0.133425 0.233135
0 0.375714 0.847575 0.120178 0.19515
0 0.347451 0.840309 0.107402 0.188951
0 0.328207 0.910605 0.097039 0.242042
0 0.335587 0.877937 0.102424 0.218374
0 0.365806 0.797062 0.119113 0.16079
0 0.327933 0.722707 0.105867 0.141247
0 0.33377 0.769854 0.09879 0.143874
0 0.337368 0.802753 0.102861 0.163838
0 0.308814 0.83758 0.080128 0.195993
0 0.309268 0.790584 0.081036 0.156169
0 0.286931 0.766807 0.064486 0.137781
0 0.275387 0.808086 0.06015 0.174506
0 0.278704 0.87948 0.063658 0.225626
0 0.272379 0.920903 0.066633 0.262639
0 0.247657 0.827358 0.048439 0.204716
0 0.253719 0.762678 0.048062 0.146188
0 0.209754 0.456416 0.147634 0.316998
0 0.171358 0.44281 0.123967 0.31062
0 0.199621 0.394981 0.136741 0.269128
0 0.183137 0.372153 0.122523 0.248474
0 0.216917 0.327337 0.14946 0.225507
0 0.169123 0.319893 0.116372 0.218953
0 0.193649 0.306461 0.121673 0.192089
0 0.18834 0.266035 0.120431 0.16957
0 0.141875 0.261007 0.093125 0.172015
0 0.162397 0.260673 0.106045 0.171347
0 0.216766 0.275962 0.139782 0.176925
0 0.232808 0.20003 0.165616 0.150061
0 0.219625 0.223613 0.142374 0.143059
0 0.203554 0.239571 0.132108 0.154142
0 0.173367 0.209255 0.112359 0.135176
0 0.200044 0.194492 0.128212 0.122316
0 0.207548 0.157479 0.13072 0.094124
0 0.176564 0.153757 0.115629 0.099181
0 0.139943 0.183414 0.092387 0.120996
0 0.112258 0.188447 0.080766 0.135228
0 0.152076 0.122997 0.107277 0.091827
0 0.193791 0.109119 0.128207 0.072406
0 0.668097 0.198439 0.036194 0.080211
0 0.684259 0.234784 0.046642 0.102901
0 0.695763 0.206629 0.054026 0.088259
0 0.703088 0.171446 0.062427 0.067892
0 0.524239 0.660579 0.054728 0.041991
0 0.945055 0.673631 0.055735 0.068096
0 0.441446 0.207633 0.101642 0.069433
0 0.385445 0.2123 0.04589 0.066266
0 0.406001 0.240665 0.068252 0.089664
0 0.45728 0.256151 0.111436 0.103968
0 0.1 0.741667 0.05625 0.066667
