0 0.227344 0.535417 0.079688 0.083333
0 0.194531 0.598958 0.057812 0.13125
0 0.257031 0.617708 0.101562 0.122917
0 0.257031 0.666667 0.095312 0.154167
0 0.324219 0.651042 0.142188 0.152083
0 0.278125 0.726042 0.10625 0.20625
0 0.316406 0.726042 0.126562 0.18125
0 0.339844 0.763542 0.135938 0.222917
0 0.289844 0.828125 0.107812 0.26875
0 0.313281 0.798958 0.120312 0.252083
0 0.364062 0.7125 0.153125 0.1875
0 0.424219 0.740625 0.217188 0.21875
0 0.402344 0.75625 0.179688 0.216667
0 0.375781 0.761458 0.157812 0.227083
0 0.357031 0.838542 0.157812 0.264583
0 0.400781 0.8125 0.176562 0.254167
0 0.433594 0.842708 0.198438 0.26875
0 0.400781 0.88125 0.182812 0.3
0 0.338281 0.905208 0.145312 0.314583
0 0.302344 0.927083 0.126562 0.341667
0 0.388281 0.935417 0.189062 0.341667
0 0.448438 0.896875 0.215625 0.314583
0 0.09375 0.925 0.059375 0.108333
0 0.542299 0.916559 0.072098 0.12895
0 0.502046 0.884021 0.050966 0.118041
0 0.768783 0.096867 0.07194 0.085402
0 0.761709 0.122769 0.060919 0.091371
0 0.754474 0.149996 0.062073 0.120825
0 0.734705 0.103598 0.050661 0.094695
0 0.715421 0.144415 0.040217 0.12633
0 0.307071 0.295133 0.101642 0.069433
0 0.25107 0.2998 0.04589 0.066266
0 0.271626 0.328165 0.068252 0.089664
0 0.322905 0.343651 0.111436 0.103968
0 0.962944 0.817554 0.069637 0.139276
0 0.967829 0.788532 0.063782 0.110397
0 0.97471 0.748976 0.07442 0.097951
0 0.925118 0.760578 0.050236 0.100323
0 0.926412 0.693391 0.0497 0.065949
0 0.79131 0.688005 0.07637 0.109343
0 0.772178 0.678116 0.056855 0.089565
0 0.766087 0.702095 0.063424 0.125023
0 0.754172 0.669011 0.04897 0.092189
0 0.741457 0.682273 0.039164 0.09788
0 0.81202 0.414951 0.045915 0.075735
0 0.96198 0.345735 0.070835 0.083136
0 0.931647 0.365365 0.053919 0.101563
0 0.955226 0.390847 0.072952 0.123361
0 0.932646 0.402271 0.068417 0.150375
0 0.606862 0.351693 0.20435 0.232554
0 0.584717 0.408633 0.191308 0.271433
0 0.566187 0.346169 0.169873 0.225672
0 0.543826 0.366304 0.153277 0.232608
0 0.530641 0.288627 0.148783 0.185587
0 0.507337 0.366568 0.133425 0.233135
0 0.506964 0.330908 0.120178 0.19515
0 0.478701 0.323642 0.107402 0.188951
0 0.459457 0.393938 0.097039 0.242042
0 0.466837 0.36127 0.102424 0.218374
0 0.497056 0.280395 0.119113 0.16079
0 0.459183 0.20604 0.105867 0.141247
0 0.46502 0.253187 0.09879 0.143874
0 0.468618 0.286086 0.102861 0.163838
0 0.440064 0.320913 0.080128 0.195993
0 0.440518 0.273918 0.081036 0.156169
0 0.418181 0.25014 0.064486 0.137781
0 0.406637 0.29142 0.06015 0.174506
0 0.409954 0.362813 0.063658 0.225626
0 0.403629 0.404236 0.066633 0.262639
0 0.378907 0.310692 0.048439 0.204716
0 0.384969 0.246011 0.048062 0.146188
0 0.336684 0.951042 0.070243 0.102083
0 0.957031 0.120522 0.060938 0.078543
0 0.617188 0.373958 0.034375 0.08125
0 0.708594 0.814583 0.064062 0.054167
0 0.682031 0.867708 0.042188 0.08125
0 0.703906 0.923958 0.064062 0.139583
0 0.292969 0.116667 0.064062 0.054167
0 0.266406 0.169792 0.042188 0.08125
0 0.288281 0.226042 0.064062 0.139583
0 0.668354 0.599719 0.152332 0.124438
0 0.637317 0.573621 0.124633 0.097243
0 0.637706 0.614384 0.128537 0.128768
0 0.636231 0.64687 0.125587 0.147907
0 0.59698 0.655877 0.11271 0.170086
0 0.597569 0.620712 0.101389 0.133091
0 0.610167 0.596321 0.107834 0.113475
0 0.574838 0.588315 0.093427 0.122463
0 0.569178 0.54465 0.082106 0.080966
0 0.586768 0.51273 0.09541 0.06296
0 0.554891 0.500753 0.066032 0.04734
