0 0.296094 0.744792 0.042188 0.13125
0 0.768521 0.260923 0.049543 0.084346
0 0.509842 0.667264 0.085308 0.072028
0 0.490245 0.713124 0.074241 0.101248
0 0.475744 0.672836 0.063988 0.07484
0 0.450103 0.674201 0.04083 0.069236
0 0.884123 0.480382 0.058872 0.127431
0 0.785195 0.742327 0.051639 0.10132
0 0.855729 0.102019 0.042709 0.049871
0 0.878633 0.111857 0.063517 0.061214
0 0.899458 0.141862 0.073915 0.07539
0 0.894622 0.188941 0.070495 0.111216
0 0.920542 0.172415 0.081709 0.094831
0 0.944012 0.160645 0.100525 0.087956
0 0.826562 0.934375 0.034375 0.08125
0 0.757031 0.461458 0.114062 0.035417
0 0.749219 0.502083 0.110938 0.066667
0 0.751562 0.551042 0.109375 0.09375
0 0.767188 0.590625 0.115625 0.127083
0 0.727344 0.590625 0.085938 0.127083
0 0.696094 0.553125 0.067188 0.102083
0 0.684375 0.508333 0.0625 0.070833
0 0.647656 0.5625 0.039062 0.120833
0 0.682812 0.590625 0.059375 0.127083
0 0.652344 0.610417 0.042188 0.141667
0 0.715625 0.648958 0.096875 0.172917
0 0.753906 0.132292 0.070312 0.102083
0 0.212027 0.737084 0.06468 0.136668
0 0.200596 0.729813 0.051193 0.117959
0 0.181977 0.720532 0.045204 0.124398
0 0.199102 0.669297 0.057578 0.096928
0 0.173205 0.640719 0.043285 0.081438
0 0.71763 0.706333 0.129009 0.075165
0 0.676517 0.689763 0.099908 0.06286
0 0.729827 0.741133 0.122153 0.086434
0 0.72916 0.757096 0.120819 0.097525
0 0.69976 0.725778 0.112019 0.08489
0 0.673632 0.741535 0.100389 0.099736
0 0.703586 0.764755 0.122798 0.117011
0 0.666066 0.710312 0.085257 0.070624
0 0.921125 0.26804 0.057875 0.040247
0 0.686496 0.107147 0.051117 0.09346
0 0.532031 0.139272 0.060938 0.078543
0 0.423539 0.212886 0.106452 0.079938
0 0.369021 0.214595 0.072418 0.083356
0 0.060938 0.351042 0.0375 0.13125
