0 0.960189 0.954165 0.076628 0.22083
0 0.929169 0.884023 0.058337 0.155546
0 0.946129 0.821516 0.079758 0.118032
0 0.998696 0.835197 0.097392 0.120394
0 0.915381 0.77418 0.049512 0.08586
0 0.461061 0.410021 0.081498 0.099209
0 0.433971 0.443938 0.049192 0.104543
0 0.329688 0.301042 0.0375 0.06875
0 0.360457 0.869118 0.045915 0.075735
0 0.39375 0.117708 0.0375 0.13125
0 0.747734 0.479824 0.048592 0.059649
0 0.058594 0.220833 0.076562 0.0625
0 0.802344 0.198958 0.048438 0.060417
0 0.576185 0.571319 0.067994 0.088472
0 0.178237 0.804059 0.072098 0.12895
0 0.137983 0.771521 0.050966 0.118041
0 0.523169 0.794415 0.099464 0.10133
0 0.584812 0.87632 0.147749 0.165141
0 0.587483 0.786091 0.137465 0.088849
0 0.289062 0.707292 0.053125 0.139583
0 0.725821 0.884717 0.101642 0.069433
0 0.66982 0.889383 0.04589 0.066266
0 0.690376 0.917749 0.068252 0.089664
0 0.741655 0.933234 0.111436 0.103968
0 0.752344 0.692708 0.042188 0.052083
0 0.79375 0.701042 0.06875 0.05625
0 0.778906 0.736458 0.064062 0.077083
0 0.758594 0.771875 0.051562 0.10625
0 0.502344 0.267708 0.054688 0.085417
0 0.271843 0.268789 0.07181 0.079245
0 0.259101 0.324686 0.068202 0.124373
