0 0.443889 0.555678 0.100277 0.115523
0 0.397471 0.541059 0.051191 0.090452
0 0.403868 0.495904 0.060862 0.066809
0 0.437189 0.501804 0.086878 0.074442
0 0.926562 0.675 0.19375 0.083333
0 0.959375 0.738542 0.215625 0.13125
0 0.895312 0.757292 0.175 0.122917
0 0.9 0.80625 0.171875 0.154167
0 0.83125 0.790625 0.128125 0.152083
0 0.88125 0.865625 0.15625 0.20625
0 0.846875 0.865625 0.128125 0.18125
0 0.828125 0.903125 0.109375 0.222917
0 0.874219 0.967708 0.145312 0.26875
0 0.853125 0.938542 0.128125 0.252083
0 0.803125 0.852083 0.09375 0.1875
0 0.725 0.880208 0.065625 0.21875
0 0.764062 0.895833 0.06875 0.216667
0 0.79375 0.901042 0.084375 0.227083
0 0.803125 0.978125 0.103125 0.264583
0 0.767188 0.952083 0.06875 0.254167
0 0.734375 0.982292 0.046875 0.26875
0 0.7625 1.020833 0.071875 0.3
0 0.821875 1.044792 0.115625 0.314583
0 0.853906 1.066667 0.142188 0.341667
0 0.764062 1.075 0.0875 0.341667
0 0.714062 1.036458 0.040625 0.314583
0 0.061724 0.77442 0.067199 0.08634
0 0.573338 0.823182 0.134176 0.154697
0 0.115625 0.907292 0.034375 0.08125
0 0.960938 0.785417 0.05625 0.066667
0 0.823438 0.559375 0.10625 0.097917
0 0.778125 0.495833 0.078125 0.058333
0 0.616406 0.151042 0.048438 0.06875
0 0.663281 0.215625 0.076562 0.11875
0 0.540218 0.124429 0.092937 0.186357
0 0.905405 0.10833 0.070186 0.074994
0 0.907866 0.172053 0.075107 0.123273
0 0.872775 0.13239 0.054925 0.10228
0 0.866852 0.170182 0.061828 0.14453
0 0.528906 0.579167 0.064062 0.054167
0 0.502344 0.632292 0.042188 0.08125
0 0.524219 0.688542 0.064062 0.139583
0 0.843832 0.283536 0.047038 0.092073
0 0.226308 0.60496 0.061991 0.10992
0 0.365247 0.067153 0.067994 0.088472
0 0.150761 0.340285 0.085897 0.14307
0 0.177691 0.302919 0.089757 0.101672
0 0.163576 0.238449 0.089652 0.068564
0 0.145132 0.256008 0.065264 0.066182
0 0.135144 0.29165 0.064038 0.095799
0 0.811719 0.305208 0.114062 0.035417
0 0.803906 0.345833 0.110938 0.066667
0 0.80625 0.394792 0.109375 0.09375
0 0.821875 0.434375 0.115625 0.127083
0 0.782031 0.434375 0.085938 0.127083
0 0.750781 0.396875 0.067188 0.102083
0 0.739062 0.352083 0.0625 0.070833
0 0.702344 0.40625 0.039062 0.120833
0 0.7375 0.434375 0.059375 0.127083
0 0.707031 0.454167 0.042188 0.141667
0 0.770312 0.492708 0.096875 0.172917
