0 0.770213 0.844015 0.134176 0.154697
0 0.838321 0.203467 0.101642 0.069433
0 0.78232 0.208133 0.04589 0.066266
0 0.802876 0.236499 0.068252 0.089664
0 0.854155 0.251984 0.111436 0.103968
0 0.265923 0.421462 0.069346 0.09709
0 0.865125 0.106117 0.05525 0.066401
0 0.902307 0.656258 0.085864 0.13335
0 0.906315 0.627426 0.075131 0.096519
0 0.928728 0.592015 0.098081 0.08403
0 0.943387 0.615771 0.09615 0.085708
0 0.935667 0.639153 0.096334 0.107474
0 0.403504 1.043916 0.147634 0.316998
0 0.365108 1.03031 0.123967 0.31062
0 0.393371 0.982481 0.136741 0.269128
0 0.376887 0.959653 0.122523 0.248474
0 0.410667 0.914837 0.14946 0.225507
0 0.362873 0.907393 0.116372 0.218953
0 0.387399 0.893961 0.121673 0.192089
0 0.38209 0.853535 0.120431 0.16957
0 0.335625 0.848507 0.093125 0.172015
0 0.356147 0.848173 0.106045 0.171347
0 0.410516 0.863462 0.139782 0.176925
0 0.426558 0.78753 0.165616 0.150061
0 0.413375 0.811113 0.142374 0.143059
0 0.397304 0.827071 0.132108 0.154142
0 0.367117 0.796755 0.112359 0.135176
0 0.393794 0.781992 0.128212 0.122316
0 0.401298 0.744979 0.13072 0.094124
0 0.370314 0.741257 0.115629 0.099181
0 0.333693 0.770914 0.092387 0.120996
0 0.306008 0.775947 0.080766 0.135228
0 0.345826 0.710497 0.107277 0.091827
0 0.387541 0.696619 0.128207 0.072406
0 0.053906 0.213542 0.054688 0.10625
0 0.104688 0.185417 0.1 0.070833
0 0.122656 0.241667 0.101562 0.125
0 0.099219 0.333333 0.092188 0.208333
0 0.372717 0.30755 0.057934 0.110934
0 0.378035 0.250144 0.056069 0.066954
0 0.352941 0.267809 0.040258 0.077284
0 0.562923 0.813614 0.072721 0.064728
0 0.630546 0.925658 0.048592 0.059649
0 0.752227 0.458343 0.051329 0.104186
0 0.696875 0.190625 0.084375 0.139583
0 0.658594 0.759375 0.042188 0.052083
0 0.7 0.767708 0.06875 0.05625
0 0.685156 0.803125 0.064062 0.077083
0 0.664844 0.838542 0.051562 0.10625
0 0.664469 0.391165 0.053938 0.103163
0 0.712114 0.332813 0.089852 0.069794
0 0.064875 0.434707 0.057875 0.040247
0 0.507812 0.321875 0.034375 0.08125
