0 0.285156 0.563542 0.048438 0.06875
0 0.332031 0.628125 0.076562 0.11875
0 0.650852 0.843066 0.082955 0.081966
0 0.6917 0.83337 0.105275 0.070907
0 0.635814 0.874356 0.068504 0.098713
0 0.690244 0.893895 0.102363 0.108624
0 0.732117 0.881246 0.132984 0.104159
0 0.695106 0.860442 0.105836 0.08755
0 0.671024 0.866464 0.085798 0.087096
0 0.660938 0.89223 0.084375 0.10946
0 0.630002 0.913836 0.066254 0.127672
0 0.682067 0.924563 0.107884 0.140793
0 0.726273 0.848037 0.13067 0.083574
0 0.776446 0.326163 0.087268 0.06066
0 0.537412 0.499608 0.0592 0.190883
0 0.587946 0.512659 0.085267 0.183651
0 0.579576 0.426308 0.081026 0.135949
0 0.613386 0.447441 0.092396 0.12405
0 0.630526 0.438447 0.107928 0.126893
0 0.8897 0.680575 0.095025 0.119483
0 0.850211 0.665788 0.062922 0.102409
0 0.833218 0.62696 0.05081 0.074754
0 0.891965 0.621437 0.093304 0.076208
0 0.114062 0.164583 0.08125 0.045833
0 0.065625 0.173958 0.046875 0.05625
0 0.098438 0.211458 0.06875 0.08125
0 0.092188 0.255208 0.059375 0.102083
0 0.196133 0.901383 0.101642 0.069433
0 0.140132 0.90605 0.04589 0.066266
0 0.160688 0.934415 0.068252 0.089664
0 0.211968 0.949901 0.111436 0.103968
0 0.520312 0.338542 0.153125 0.08125
0 0.436719 0.370833 0.101562 0.0875
0 0.469531 0.41875 0.126562 0.133333
0 0.454688 0.475 0.109375 0.1625
0 0.424219 0.445833 0.092188 0.1375
0 0.35625 0.461458 0.04375 0.152083
0 0.407031 0.515625 0.082812 0.185417
0 0.849479 0.237436 0.042709 0.049871
0 0.872383 0.247274 0.063517 0.061214
0 0.893208 0.277278 0.073915 0.07539
0 0.888372 0.324358 0.070495 0.111216
0 0.914292 0.307832 0.081709 0.094831
0 0.937762 0.296061 0.100525 0.087956
0 0.19375 0.523958 0.084375 0.139583
0 0.777785 0.122821 0.11807 0.091475
0 0.716315 0.178496 0.079505 0.106992
0 0.700858 0.138785 0.070467 0.090071
0 0.729285 0.081304 0.089819 0.062608
0 0.518367 0.735316 0.083609 0.066465
0 0.48125 0.710417 0.19375 0.083333
0 0.514062 0.773958 0.215625 0.13125
0 0.45 0.792708 0.175 0.122917
0 0.454688 0.841667 0.171875 0.154167
0 0.385938 0.826042 0.128125 0.152083
0 0.435938 0.901042 0.15625 0.20625
0 0.401562 0.901042 0.128125 0.18125
0 0.382812 0.938542 0.109375 0.222917
0 0.428906 1.003125 0.145312 0.26875
0 0.407812 0.973958 0.128125 0.252083
0 0.357812 0.8875 0.09375 0.1875
0 0.279688 0.915625 0.065625 0.21875
0 0.31875 0.93125 0.06875 0.216667
0 0.348438 0.936458 0.084375 0.227083
0 0.357812 1.013542 0.103125 0.264583
0 0.321875 0.9875 0.06875 0.254167
0 0.289062 1.017708 0.046875 0.26875
0 0.317188 1.05625 0.071875 0.3
0 0.376562 1.080208 0.115625 0.314583
0 0.408594 1.102083 0.142188 0.341667
0 0.31875 1.110417 0.0875 0.341667
0 0.26875 1.071875 0.040625 0.314583
0 0.855469 0.105208 0.048438 0.08125
0 0.067611 0.384448 0.072721 0.064728
0 0.134107 0.669415 0.099464 0.10133
0 0.195749 0.75132 0.147749 0.165141
0 0.19842 0.661091 0.137465 0.088849
