0 0.323554 0.752391 0.093983 0.083949
0 0.344666 0.795242 0.111207 0.115485
0 0.323126 0.800368 0.086878 0.104902
0 0.297806 0.786968 0.076862 0.10727
0 0.304269 0.839295 0.086662 0.141091
0 0.28057 0.872665 0.07989 0.166164
0 0.732504 0.729368 0.071258 0.096235
0 0.338112 0.37461 0.20435 0.232554
0 0.315967 0.43155 0.191308 0.271433
0 0.297437 0.369086 0.169873 0.225672
0 0.275076 0.389221 0.153277 0.232608
0 0.261891 0.311543 0.148783 0.185587
0 0.238587 0.389484 0.133425 0.233135
0 0.238214 0.353825 0.120178 0.19515
0 0.209951 0.346559 0.107402 0.188951
0 0.190707 0.416855 0.097039 0.242042
0 0.198087 0.384187 0.102424 0.218374
0 0.228306 0.303312 0.119113 0.16079
0 0.190433 0.228957 0.105867 0.141247
0 0.19627 0.276104 0.09879 0.143874
0 0.199868 0.309003 0.102861 0.163838
0 0.171314 0.34383 0.080128 0.195993
0 0.171768 0.296834 0.081036 0.156169
0 0.149431 0.273057 0.064486 0.137781
0 0.137887 0.314336 0.06015 0.174506
0 0.141204 0.38573 0.063658 0.225626
0 0.134879 0.427153 0.066633 0.262639
0 0.110157 0.333608 0.048439 0.204716
0 0.116219 0.268928 0.048062 0.146188
0 0.603906 0.557292 0.048438 0.060417
0 0.920312 0.10625 0.19375 0.083333
0 0.953125 0.169792 0.215625 0.13125
0 0.889062 0.188542 0.175 0.122917
0 0.89375 0.2375 0.171875 0.154167
0 0.825 0.221875 0.128125 0.152083
0 0.875 0.296875 0.15625 0.20625
0 0.840625 0.296875 0.128125 0.18125
0 0.821875 0.334375 0.109375 0.222917
0 0.867969 0.398958 0.145312 0.26875
0 0.846875 0.369792 0.128125 0.252083
0 0.796875 0.283333 0.09375 0.1875
0 0.71875 0.311458 0.065625 0.21875
0 0.757812 0.327083 0.06875 0.216667
0 0.7875 0.332292 0.084375 0.227083
0 0.796875 0.409375 0.103125 0.264583
0 0.760938 0.383333 0.06875 0.254167
0 0.728125 0.413542 0.046875 0.26875
0 0.75625 0.452083 0.071875 0.3
0 0.815625 0.476042 0.115625 0.314583
0 0.847656 0.497917 0.142188 0.341667
0 0.757812 0.50625 0.0875 0.341667
0 0.707812 0.467708 0.040625 0.314583
0 0.449587 0.70587 0.04605 0.111741
0 0.544818 0.827683 0.086511 0.134532
0 0.521073 0.179868 0.085897 0.14307
0 0.548003 0.142502 0.089757 0.101672
0 0.533888 0.078032 0.089652 0.068564
0 0.515445 0.095591 0.065264 0.066182
0 0.505456 0.131233 0.064038 0.095799
0 0.839844 0.747917 0.064062 0.054167
0 0.813281 0.801042 0.042188 0.08125
0 0.835156 0.857292 0.064062 0.139583
0 0.416406 0.25625 0.079688 0.083333
0 0.383594 0.319792 0.057812 0.13125
0 0.446094 0.338542 0.101562 0.122917
0 0.446094 0.3875 0.095312 0.154167
0 0.513281 0.371875 0.142188 0.152083
0 0.467188 0.446875 0.10625 0.20625
0 0.505469 0.446875 0.126562 0.18125
0 0.528906 0.484375 0.135938 0.222917
0 0.478906 0.548958 0.107812 0.26875
0 0.502344 0.519792 0.120312 0.252083
0 0.553125 0.433333 0.153125 0.1875
0 0.613281 0.461458 0.217188 0.21875
0 0.591406 0.477083 0.179688 0.216667
0 0.564844 0.482292 0.157812 0.227083
0 0.546094 0.559375 0.157812 0.264583
0 0.589844 0.533333 0.176562 0.254167
0 0.622656 0.563542 0.198438 0.26875
0 0.589844 0.602083 0.182812 0.3
0 0.527344 0.626042 0.145312 0.314583
0 0.491406 0.647917 0.126562 0.341667
0 0.577344 0.65625 0.189062 0.341667
0 0.6375 0.617708 0.215625 0.314583
0 0.146875 0.8 0.08125 0.1
0 0.2 0.9 0.109375 0.15
0 0.129688 0.933333 0.075 0.166667
0 0.171094 0.992708 0.085938 0.189583
0 0.183594 1.030208 0.098438 0.222917
0 0.899219 0.701042 0.048438 0.06875
0 0.946094 0.765625 0.076562 0.11875
0 0.639705 0.895306 0.076284 0.086446
0 0.670122 0.934494 0.080869 0.093987
0 0.650935 0.954919 0.073746 0.114005
0 0.632401 0.935833 0.064802 0.105
0 0.4125 0.809375 0.05625 0.060417
0 0.453125 0.86875 0.0875 0.104167
0 0.3875 0.872917 0.046875 0.1125
0 0.403125 0.916667 0.075 0.15
0 0.939844 0.938542 0.045312 0.08125
0 0.192088 0.554432 0.134176 0.154697
