0 0.3875 0.772917 0.059375 0.120833
0 0.476308 0.409127 0.061991 0.10992
0 0.781656 0.959915 0.053938 0.103163
0 0.829301 0.901563 0.089852 0.069794
0 0.898041 0.768469 0.152332 0.124438
0 0.867004 0.742371 0.124633 0.097243
0 0.867393 0.783134 0.128537 0.128768
0 0.865918 0.81562 0.125587 0.147907
0 0.826667 0.824627 0.11271 0.170086
0 0.827257 0.789462 0.101389 0.133091
0 0.839854 0.765071 0.107834 0.113475
0 0.804526 0.757065 0.093427 0.122463
0 0.798865 0.7134 0.082106 0.080966
0 0.816455 0.68148 0.09541 0.06296
0 0.784579 0.669503 0.066032 0.04734
0 0.566406 0.114272 0.060938 0.078543
0 0.56075 0.480845 0.0465 0.103357
0 0.595046 0.520984 0.074467 0.141969
0 0.124453 0.326759 0.133282 0.153518
0 0.470875 0.308811 0.088625 0.217623
0 0.500494 0.220921 0.100988 0.141843
0 0.443623 0.210304 0.071621 0.133108
0 0.469881 0.161808 0.074137 0.08195
0 0.473392 0.118525 0.08116 0.062049
0 0.113281 0.946875 0.039062 0.05625
0 0.259375 0.113542 0.0375 0.06875
0 0.350984 0.421191 0.095719 0.079881
0 0.346346 0.477136 0.086442 0.112606
0 0.317187 0.506473 0.065624 0.129612
0 0.301406 0.432059 0.059062 0.08495
0 0.710256 0.369255 0.051762 0.138511
0 0.731287 0.280746 0.071949 0.086493
0 0.68662 0.306862 0.03574 0.092891
0 0.241048 0.576114 0.072721 0.064728
0 0.574075 0.913908 0.095025 0.119483
0 0.534586 0.899121 0.062922 0.102409
0 0.517593 0.860294 0.05081 0.074754
0 0.57634 0.854771 0.093304 0.076208
0 0.824219 0.120833 0.079688 0.083333
0 0.791406 0.184375 0.057812 0.13125
0 0.853906 0.203125 0.101562 0.122917
0 0.853906 0.252083 0.095312 0.154167
0 0.921094 0.236458 0.142188 0.152083
0 0.875 0.311458 0.10625 0.20625
0 0.913281 0.311458 0.126562 0.18125
0 0.936719 0.348958 0.135938 0.222917
0 0.886719 0.413542 0.107812 0.26875
0 0.910156 0.384375 0.120312 0.252083
0 0.960938 0.297917 0.153125 0.1875
0 1.021094 0.326042 0.217188 0.21875
0 0.999219 0.341667 0.179688 0.216667
0 0.972656 0.346875 0.157812 0.227083
0 0.953906 0.423958 0.157812 0.264583
0 0.997656 0.397917 0.176562 0.254167
0 1.030469 0.428125 0.198438 0.26875
0 0.997656 0.466667 0.182812 0.3
0 0.935156 0.490625 0.145312 0.314583
0 0.899219 0.5125 0.126562 0.341667
0 0.985156 0.520833 0.189062 0.341667
0 1.045313 0.482292 0.215625 0.314583
0 0.051644 0.906453 0.047038 0.092073
