0 0.920312 0.151042 0.084375 0.139583
0 0.969667 0.518214 0.048708 0.082261
0 0.761719 0.388542 0.167188 0.09375
0 0.685156 0.348958 0.132812 0.052083
0 0.616406 0.370833 0.082812 0.0625
0 0.675781 0.454167 0.120312 0.129167
0 0.764844 0.486458 0.170312 0.160417
0 0.700781 0.509375 0.139062 0.164583
0 0.625 0.501042 0.0875 0.164583
0 0.601562 0.596875 0.071875 0.222917
0 0.653906 0.646875 0.110938 0.277083
0 0.728906 0.444792 0.142188 0.11875
0 0.674219 0.384375 0.104688 0.072917
0 0.713281 0.395833 0.129688 0.079167
0 0.608594 0.438542 0.067188 0.114583
0 0.718367 0.191566 0.083609 0.066465
0 0.703906 0.661458 0.054688 0.085417
0 0.285938 0.623958 0.05625 0.060417
0 0.326562 0.683333 0.0875 0.104167
0 0.260938 0.6875 0.046875 0.1125
0 0.276562 0.73125 0.075 0.15
0 0.667188 0.773958 0.053125 0.04375
0 0.938281 0.776042 0.104688 0.06875
0 0.983594 0.815625 0.135938 0.102083
0 0.948438 0.898958 0.115625 0.172917
0 0.857031 0.952083 0.051562 0.220833
0 0.983594 1.026042 0.123438 0.222917
0 0.559417 0.907164 0.075084 0.068495
0 0.828125 0.226186 0.071875 0.098205
0 0.258594 0.482292 0.048438 0.097917
0 0.465625 0.296875 0.0875 0.097917
0 0.485938 0.403125 0.109375 0.14375
0 0.439844 0.459375 0.092188 0.18125
0 0.390625 0.426042 0.034375 0.160417
0 0.480469 0.526042 0.104688 0.23125
0 0.449146 0.819354 0.029542 0.080376
0 0.467166 0.822723 0.037458 0.06628
0 0.481974 0.801883 0.054573 0.062099
0 0.479147 0.883255 0.048919 0.133176
0 0.509179 0.882239 0.074607 0.131145
0 0.091687 0.301951 0.05525 0.066401
0 0.5625 0.791667 0.05625 0.066667
0 0.103906 0.097917 0.076562 0.0625
