0 0.168493 0.731965 0.055735 0.068096
0 0.358594 0.532292 0.054688 0.10625
0 0.409375 0.504167 0.1 0.070833
0 0.427344 0.560417 0.101562 0.125
0 0.403906 0.652083 0.092188 0.208333
0 0.071875 0.33125 0.05625 0.066667
0 0.112798 0.479795 0.069346 0.09709
0 0.470312 0.301042 0.046875 0.11875
0 0.510156 0.255208 0.057812 0.035417
0 0.529688 0.266667 0.071875 0.0375
0 0.542969 0.288542 0.085938 0.064583
0 0.516406 0.313542 0.067188 0.077083
0 0.522656 0.353125 0.082812 0.127083
0 0.571094 0.321875 0.107812 0.085417
0 0.591406 0.276042 0.123438 0.05625
0 0.617969 0.311458 0.148438 0.110417
0 0.577344 0.383333 0.117188 0.1375
0 0.541406 0.778125 0.085938 0.11875
0 0.669531 0.728125 0.167188 0.110417
0 0.595312 0.861458 0.11875 0.164583
0 0.995312 0.834375 0.153125 0.08125
0 0.911719 0.866667 0.101562 0.0875
0 0.944531 0.914583 0.126562 0.133333
0 0.929688 0.970833 0.109375 0.1625
0 0.899219 0.941667 0.092188 0.1375
0 0.83125 0.957292 0.04375 0.152083
0 0.882031 1.011458 0.082812 0.185417
0 0.866406 0.132292 0.054688 0.097917
0 0.597014 0.964012 0.100277 0.115523
0 0.550596 0.949393 0.051191 0.090452
0 0.556993 0.904238 0.060862 0.066809
0 0.590314 0.910137 0.086878 0.074442
0 0.686719 0.297917 0.064062 0.054167
0 0.660156 0.351042 0.042188 0.08125
0 0.682031 0.407292 0.064062 0.139583
0 0.8875 0.319792 0.05625 0.060417
0 0.928125 0.379167 0.0875 0.104167
0 0.8625 0.383333 0.046875 0.1125
0 0.878125 0.427083 0.075 0.15
0 0.180469 0.085417 0.079688 0.083333
0 0.147656 0.148958 0.057812 0.13125
0 0.210156 0.167708 0.101562 0.122917
0 0.210156 0.216667 0.095312 0.154167
0 0.277344 0.201042 0.142188 0.152083
0 0.23125 0.276042 0.10625 0.20625
0 0.269531 0.276042 0.126562 0.18125
0 0.292969 0.313542 0.135938 0.222917
0 0.242969 0.378125 0.107812 0.26875
0 0.266406 0.348958 0.120312 0.252083
0 0.317188 0.2625 0.153125 0.1875
0 0.377344 0.290625 0.217188 0.21875
0 0.355469 0.30625 0.179688 0.216667
0 0.328906 0.311458 0.157812 0.227083
0 0.310156 0.388542 0.157812 0.264583
0 0.353906 0.3625 0.176562 0.254167
0 0.386719 0.392708 0.198438 0.26875
0 0.353906 0.43125 0.182812 0.3
0 0.291406 0.455208 0.145312 0.314583
0 0.255469 0.477083 0.126562 0.341667
0 0.341406 0.485417 0.189062 0.341667
0 0.401562 0.446875 0.215625 0.314583
0 0.972352 0.455833 0.038453 0.082499
0 0.35392 0.867398 0.12034 0.072296
0 0.359056 0.918956 0.121237 0.104578
0 0.313473 0.961519 0.089447 0.135538
0 0.173325 0.943727 0.059151 0.145788
0 0.148027 0.878522 0.046054 0.107045
0 0.197118 0.888828 0.081737 0.119322
0 0.180328 0.838376 0.085657 0.097586
0 0.609461 0.479294 0.143921 0.096087
0 0.578028 0.45789 0.099806 0.04078
0 0.563655 0.471004 0.08981 0.046174
0 0.55265 0.49079 0.089674 0.069079
0 0.579706 0.500877 0.106287 0.072588
0 0.575647 0.528907 0.11692 0.111981
0 0.533393 0.52198 0.079285 0.089792
0 0.506728 0.495201 0.063455 0.073736
0 0.487193 0.528085 0.061885 0.118671
0 0.536043 0.566531 0.087711 0.128896
