0 0.342188 0.6625 0.059375 0.108333
0 0.573438 0.323958 0.121875 0.122917
0 0.546875 0.363542 0.09375 0.135417
0 0.516406 0.338542 0.076562 0.127083
0 0.470312 0.242708 0.059375 0.085417
0 0.528125 0.39375 0.084375 0.1625
0 0.092188 0.384375 0.053125 0.139583
0 0.309375 0.936458 0.08125 0.072917
0 0.758192 0.554332 0.147634 0.316998
0 0.719796 0.540727 0.123967 0.31062
0 0.748058 0.492897 0.136741 0.269128
0 0.731574 0.47007 0.122523 0.248474
0 0.765355 0.425254 0.14946 0.225507
0 0.717561 0.41781 0.116372 0.218953
0 0.742087 0.404378 0.121673 0.192089
0 0.736778 0.363952 0.120431 0.16957
0 0.690313 0.358924 0.093125 0.172015
0 0.710835 0.35859 0.106045 0.171347
0 0.765203 0.373879 0.139782 0.176925
0 0.781245 0.297947 0.165616 0.150061
0 0.768062 0.321529 0.142374 0.143059
0 0.751991 0.337488 0.132108 0.154142
0 0.721805 0.307171 0.112359 0.135176
0 0.748481 0.292408 0.128212 0.122316
0 0.755985 0.255395 0.13072 0.094124
0 0.725002 0.251674 0.115629 0.099181
0 0.688381 0.281331 0.092387 0.120996
0 0.660696 0.286364 0.080766 0.135228
0 0.700514 0.220914 0.107277 0.091827
0 0.742229 0.207036 0.128207 0.072406
0 0.359375 0.104167 0.059375 0.120833
0 0.90625 0.834375 0.10625 0.097917
0 0.860938 0.770833 0.078125 0.058333
0 0.185531 0.774429 0.092937 0.186357
0 0.536076 0.949428 0.100277 0.115523
0 0.489658 0.934809 0.051191 0.090452
0 0.496056 0.889654 0.060862 0.066809
0 0.529377 0.895554 0.086878 0.074442
0 0.072662 0.59317 0.067199 0.08634
0 0.803727 0.610609 0.110579 0.137885
0 0.505424 0.436604 0.095224 0.077374
0 0.492187 0.489903 0.071874 0.096472
0 0.502317 0.546823 0.08901 0.143645
0 0.52874 0.536061 0.09498 0.122123
0 0.532025 0.495455 0.10155 0.103411
0 0.921875 0.195833 0.08125 0.1
0 0.975 0.295833 0.109375 0.15
0 0.904688 0.329167 0.075 0.166667
0 0.946094 0.388542 0.085938 0.189583
0 0.958594 0.426042 0.098438 0.222917
0 0.158625 0.153457 0.057875 0.040247
0 0.34431 0.488863 0.16362 0.12356
0 0.223425 0.501872 0.081226 0.153744
0 0.301836 0.41613 0.131798 0.065593
0 0.74375 0.804167 0.05625 0.0625
