0 0.531752 0.467457 0.06663 0.130747
0 0.583406 0.512898 0.076187 0.121629
0 0.597056 0.501189 0.084737 0.110712
0 0.600015 0.474548 0.093781 0.103263
0 0.574823 0.471519 0.074647 0.097205
0 0.565155 0.429642 0.083434 0.08845
0 0.615245 0.443472 0.105491 0.082778
0 0.640694 0.465869 0.125138 0.098404
0 0.647938 0.417056 0.142752 0.088279
0 0.603785 0.396507 0.104444 0.059681
0 0.596679 0.782338 0.043358 0.077175
0 0.625262 0.810415 0.056774 0.08333
0 0.614533 0.844489 0.060316 0.126478
0 0.64239 0.832805 0.07228 0.107278
0 0.653009 0.874168 0.077894 0.13167
0 0.266446 0.540967 0.101642 0.069433
0 0.210445 0.545633 0.04589 0.066266
0 0.231001 0.573999 0.068252 0.089664
0 0.28228 0.589484 0.111436 0.103968
0 0.71537 0.56121 0.061991 0.10992
0 0.180777 0.982918 0.06468 0.136668
0 0.169346 0.975646 0.051193 0.117959
0 0.150727 0.966366 0.045204 0.124398
0 0.167852 0.915131 0.057578 0.096928
0 0.141955 0.886553 0.043285 0.081438
0 0.072656 0.235417 0.073438 0.054167
0 0.917664 0.3225 0.038453 0.082499
0 0.145055 0.667381 0.055735 0.068096
0 0.577896 0.113006 0.049543 0.084346
0 0.125452 0.459309 0.047778 0.093619
0 0.485156 0.215625 0.114062 0.035417
0 0.477344 0.25625 0.110938 0.066667
0 0.479688 0.305208 0.109375 0.09375
0 0.495312 0.344792 0.115625 0.127083
0 0.455469 0.344792 0.085938 0.127083
0 0.424219 0.307292 0.067188 0.102083
0 0.4125 0.2625 0.0625 0.070833
0 0.375781 0.316667 0.039062 0.120833
0 0.410938 0.344792 0.059375 0.127083
0 0.380469 0.364583 0.042188 0.141667
0 0.44375 0.403125 0.096875 0.172917
0 0.465625 0.640625 0.09375 0.072917
0 0.517969 0.704167 0.117188 0.129167
0 0.489062 0.717708 0.096875 0.114583
0 0.411719 0.701042 0.060938 0.147917
0 0.478125 0.782292 0.0875 0.160417
0 0.451562 0.832292 0.090625 0.202083
0 0.87023 0.756031 0.056085 0.120395
0 0.878813 0.847831 0.060752 0.166495
0 0.910351 0.865842 0.089453 0.185851
0 0.941837 0.813673 0.096174 0.139845
0 0.909371 0.938014 0.081241 0.230195
0 0.309263 0.974977 0.059151 0.145788
0 0.283964 0.909772 0.046054 0.107045
0 0.333056 0.920078 0.081737 0.119322
0 0.316266 0.869626 0.085657 0.097586
0 0.569531 0.205208 0.089062 0.060417
0 0.608594 0.271875 0.107812 0.110417
0 0.692969 0.275 0.148438 0.133333
0 0.286039 0.277469 0.106452 0.079938
0 0.231521 0.279178 0.072418 0.083356
