0 0.376446 0.87408 0.087268 0.06066
0 0.810938 0.792708 0.084375 0.139583
0 0.087944 0.559221 0.069637 0.139276
0 0.092829 0.530199 0.063782 0.110397
0 0.09971 0.490642 0.07442 0.097951
0 0.050118 0.502245 0.050236 0.100323
0 0.051412 0.435058 0.0497 0.065949
0 0.201223 0.689487 0.11807 0.091475
0 0.139753 0.745163 0.079505 0.106992
0 0.124296 0.705452 0.070467 0.090071
0 0.152722 0.647971 0.089819 0.062608
0 0.419496 0.388542 0.070243 0.102083
0 0.929688 0.111458 0.153125 0.08125
0 0.846094 0.14375 0.101562 0.0875
0 0.878906 0.191667 0.126562 0.133333
0 0.864062 0.247917 0.109375 0.1625
0 0.833594 0.21875 0.092188 0.1375
0 0.765625 0.234375 0.04375 0.152083
0 0.816406 0.288542 0.082812 0.185417
0 0.485417 0.116602 0.042709 0.049871
0 0.508321 0.12644 0.063517 0.061214
0 0.529145 0.156445 0.073915 0.07539
0 0.52431 0.203525 0.070495 0.111216
0 0.550229 0.186999 0.081709 0.094831
0 0.5737 0.175228 0.100525 0.087956
0 0.503906 0.865625 0.085938 0.11875
0 0.632031 0.815625 0.167188 0.110417
0 0.557812 0.948958 0.11875 0.164583
0 0.184375 0.819792 0.05625 0.060417
0 0.225 0.879167 0.0875 0.104167
0 0.159375 0.883333 0.046875 0.1125
0 0.175 0.927083 0.075 0.15
0 0.682617 0.826088 0.043358 0.077175
0 0.711199 0.854165 0.056774 0.08333
0 0.70047 0.888239 0.060316 0.126478
0 0.728328 0.876555 0.07228 0.107278
0 0.738947 0.917918 0.077894 0.13167
0 0.759375 0.502083 0.059375 0.120833
0 0.755355 0.335149 0.057584 0.082797
0 0.642969 0.521875 0.042188 0.114583
0 0.177165 0.333526 0.110579 0.137885
0 0.408671 0.504824 0.048592 0.059649
0 1.010156 0.490625 0.167188 0.09375
0 0.933594 0.451042 0.132812 0.052083
0 0.864844 0.472917 0.082812 0.0625
0 0.924219 0.55625 0.120312 0.129167
0 1.013281 0.588542 0.170312 0.160417
0 0.949219 0.611458 0.139062 0.164583
0 0.873438 0.603125 0.0875 0.164583
0 0.85 0.698958 0.071875 0.222917
0 0.902344 0.748958 0.110938 0.277083
0 0.977344 0.546875 0.142188 0.11875
0 0.922656 0.486458 0.104688 0.072917
0 0.961719 0.497917 0.129688 0.079167
0 0.857031 0.540625 0.067188 0.114583
