0 0.637374 0.316421 0.040372 0.062009
0 0.624219 0.928125 0.039062 0.05625
0 0.514201 0.972345 0.100277 0.115523
0 0.467783 0.957726 0.051191 0.090452
0 0.474181 0.912571 0.060862 0.066809
0 0.507502 0.918471 0.086878 0.074442
0 0.721094 0.48125 0.042188 0.083333
0 0.462192 0.627284 0.071258 0.096235
0 0.88654 0.650192 0.110579 0.137885
0 0.927961 0.476039 0.096548 0.114577
0 0.937997 0.842166 0.063494 0.092665
0 0.922612 0.913418 0.057725 0.151835
0 0.520312 0.165625 0.0375 0.13125
0 0.928906 0.439583 0.114062 0.170833
0 0.970312 0.401042 0.1375 0.139583
0 0.889062 0.436458 0.084375 0.164583
0 0.914062 0.346875 0.096875 0.102083
0 0.954688 0.302083 0.13125 0.070833
0 0.947656 0.371875 0.120312 0.11875
0 0.925781 0.403125 0.101562 0.135417
0 0.892188 0.385417 0.084375 0.129167
0 0.845312 0.404167 0.059375 0.141667
0 0.874219 0.314583 0.079688 0.095833
0 0.98125 0.338542 0.146875 0.102083
0 0.167969 0.163542 0.039062 0.110417
0 0.213281 0.115625 0.073438 0.089583
0 0.203906 0.207292 0.060938 0.139583
0 0.421875 0.396875 0.0375 0.06875
0 0.760465 0.239168 0.06468 0.136668
0 0.749034 0.231896 0.051193 0.117959
0 0.730415 0.222616 0.045204 0.124398
0 0.747539 0.171381 0.057578 0.096928
0 0.721643 0.142803 0.043285 0.081438
0 0.397116 0.712586 0.050482 0.104338
0 0.073722 0.142741 0.063069 0.118815
0 0.249753 0.781734 0.062006 0.196801
0 0.300359 0.773595 0.088218 0.176356
0 0.283821 0.697764 0.080143 0.133028
0 0.319141 0.704966 0.091406 0.114098
0 0.33449 0.691582 0.106479 0.112331
