0 0.662616 0.27643 0.059607 0.082027
0 0.341708 0.240409 0.067792 0.122485
0 0.356493 0.205324 0.06611 0.077314
0 0.809375 0.811458 0.0875 0.097917
0 0.829688 0.917708 0.109375 0.14375
0 0.783594 0.973958 0.092188 0.18125
0 0.734375 0.940625 0.034375 0.160417
0 0.824219 1.040625 0.104688 0.23125
0 0.360307 0.446641 0.04249 0.130782
0 0.652625 0.958201 0.05525 0.066401
0 0.089062 0.475 0.059375 0.120833
0 0.207064 1.004165 0.076628 0.22083
0 0.176044 0.934023 0.058337 0.155546
0 0.193004 0.871516 0.079758 0.118032
0 0.245571 0.885197 0.097392 0.120394
0 0.162256 0.82418 0.049512 0.08586
0 0.68125 0.552083 0.19375 0.083333
0 0.714062 0.615625 0.215625 0.13125
0 0.65 0.634375 0.175 0.122917
0 0.654688 0.683333 0.171875 0.154167
0 0.585938 0.667708 0.128125 0.152083
0 0.635938 0.742708 0.15625 0.20625
0 0.601562 0.742708 0.128125 0.18125
0 0.582812 0.780208 0.109375 0.222917
0 0.628906 0.844792 0.145312 0.26875
0 0.607812 0.815625 0.128125 0.252083
0 0.557812 0.729167 0.09375 0.1875
0 0.479688 0.757292 0.065625 0.21875
0 0.51875 0.772917 0.06875 0.216667
0 0.548438 0.778125 0.084375 0.227083
0 0.557812 0.855208 0.103125 0.264583
0 0.521875 0.829167 0.06875 0.254167
0 0.489062 0.859375 0.046875 0.26875
0 0.517188 0.897917 0.071875 0.3
0 0.576562 0.921875 0.115625 0.314583
0 0.608594 0.94375 0.142188 0.341667
0 0.51875 0.952083 0.0875 0.341667
0 0.46875 0.913542 0.040625 0.314583
0 0.333594 0.08125 0.042188 0.083333
0 0.834909 0.671752 0.066693 0.14767
0 0.808006 0.595601 0.053512 0.10787
0 0.192969 0.563542 0.048438 0.060417
0 0.072542 0.162232 0.057584 0.082797
0 0.157031 0.230208 0.039062 0.110417
0 0.202344 0.182292 0.073438 0.089583
0 0.192969 0.273958 0.060938 0.139583
0 0.63895 0.222894 0.059151 0.145788
0 0.613652 0.157689 0.046054 0.107045
0 0.662743 0.167994 0.081737 0.119322
0 0.645953 0.117543 0.085657 0.097586
0 0.964062 0.923958 0.053125 0.04375
0 0.803906 0.223958 0.104688 0.06875
0 0.849219 0.263542 0.135938 0.102083
0 0.814062 0.346875 0.115625 0.172917
0 0.722656 0.4 0.051562 0.220833
0 0.849219 0.473958 0.123438 0.222917
