0 0.910359 0.310774 0.095719 0.079881
0 0.905721 0.36672 0.086442 0.112606
0 0.876562 0.396056 0.065624 0.129612
0 0.860781 0.321642 0.059062 0.08495
0 0.477344 0.809375 0.089062 0.060417
0 0.516406 0.876042 0.107812 0.110417
0 0.600781 0.879167 0.148438 0.133333
0 0.132266 0.491343 0.133282 0.153518
0 0.807859 0.617317 0.065717 0.172134
0 0.782001 0.550387 0.051502 0.129941
0 0.821303 0.561978 0.067607 0.123956
0 0.84945 0.573625 0.09265 0.143083
0 0.839752 0.503778 0.09513 0.090889
0 0.865895 0.461667 0.128664 0.056667
0 0.053717 0.803628 0.04806 0.069756
0 0.842934 0.823958 0.070243 0.102083
0 0.636719 0.325 0.073438 0.054167
0 0.371094 0.40625 0.076562 0.0625
0 0.602323 0.742368 0.085897 0.14307
0 0.629253 0.705002 0.089757 0.101672
0 0.615138 0.640532 0.089652 0.068564
0 0.596695 0.658091 0.065264 0.066182
0 0.586706 0.693733 0.064038 0.095799
0 0.453618 0.092831 0.097861 0.043995
0 0.425293 0.108497 0.08496 0.058661
0 0.41005 0.144514 0.070101 0.076528
0 0.424349 0.190756 0.079947 0.114846
0 0.397306 0.179468 0.053986 0.100603
0 0.365829 0.170667 0.037908 0.095501
0 0.547433 0.288172 0.060491 0.105511
0 0.535011 0.245422 0.048148 0.07001
0 0.525525 0.273344 0.041676 0.088354
0 0.160156 0.770522 0.060938 0.078543
0 0.155362 0.224368 0.073225 0.098736
0 0.109626 0.253705 0.047378 0.128244
0 0.128776 0.179831 0.054426 0.067996
0 0.882475 0.128669 0.064951 0.086506
0 0.902438 0.180211 0.073625 0.114589
0 0.936438 0.197318 0.094752 0.123802
0 0.932024 0.122487 0.095299 0.078308
0 0.422656 0.492708 0.032812 0.052083
0 0.441406 0.519792 0.048438 0.077083
0 0.477344 0.538542 0.067188 0.085417
0 0.521875 0.5125 0.103125 0.066667
0 0.513281 0.55625 0.092188 0.0875
0 0.508594 0.591667 0.089062 0.116667
0 0.174521 0.921659 0.067792 0.122485
0 0.189305 0.886574 0.06611 0.077314
