0 0.232102 0.647233 0.082955 0.081966
0 0.27295 0.637537 0.105275 0.070907
0 0.217064 0.678523 0.068504 0.098713
0 0.271494 0.698062 0.102363 0.108624
0 0.313367 0.685413 0.132984 0.104159
0 0.276356 0.664608 0.105836 0.08755
0 0.252274 0.670631 0.085798 0.087096
0 0.242188 0.696397 0.084375 0.10946
0 0.211252 0.718003 0.066254 0.127672
0 0.263317 0.72873 0.107884 0.140793
0 0.307523 0.652204 0.13067 0.083574
0 0.945388 0.383689 0.056402 0.079878
0 0.753727 0.110609 0.110579 0.137885
0 0.881374 0.245438 0.081498 0.099209
0 0.854283 0.279355 0.049192 0.104543
0 0.178792 0.510149 0.057584 0.082797
0 0.253423 0.131878 0.069346 0.09709
0 0.545058 0.632043 0.061991 0.10992
0 0.271992 0.835725 0.093983 0.083949
0 0.293104 0.878576 0.111207 0.115485
0 0.271564 0.883701 0.086878 0.104902
0 0.246243 0.870301 0.076862 0.10727
0 0.252706 0.922629 0.086662 0.141091
0 0.229007 0.955999 0.07989 0.166164
0 0.555469 0.1 0.064062 0.054167
0 0.528906 0.153125 0.042188 0.08125
0 0.550781 0.209375 0.064062 0.139583
0 0.380448 0.946535 0.085897 0.14307
0 0.407378 0.909169 0.089757 0.101672
0 0.393263 0.844699 0.089652 0.068564
0 0.37482 0.862258 0.065264 0.066182
0 0.364831 0.8979 0.064038 0.095799
0 0.117893 0.350797 0.042036 0.126593
0 0.15482 0.354758 0.069014 0.134516
0 0.131569 0.291101 0.056888 0.098869
0 0.152754 0.280275 0.080509 0.110549
0 0.69375 0.786603 0.071875 0.098205
0 0.37028 0.283373 0.07181 0.079245
0 0.357539 0.33927 0.068202 0.124373
0 0.685195 0.621493 0.051639 0.10132
0 0.494531 0.048958 0.114062 0.035417
0 0.486719 0.089583 0.110938 0.066667
0 0.489062 0.138542 0.109375 0.09375
0 0.504687 0.178125 0.115625 0.127083
0 0.464844 0.178125 0.085938 0.127083
0 0.433594 0.140625 0.067188 0.102083
0 0.421875 0.095833 0.0625 0.070833
0 0.385156 0.15 0.039062 0.120833
0 0.420312 0.178125 0.059375 0.127083
0 0.389844 0.197917 0.042188 0.141667
0 0.453125 0.236458 0.096875 0.172917
0 0.714062 0.330208 0.05625 0.060417
0 0.754688 0.389583 0.0875 0.104167
0 0.689062 0.39375 0.046875 0.1125
0 0.704688 0.4375 0.075 0.15
