0 0.684344 0.138913 0.099938 0.111159
0 0.639378 0.14382 0.053756 0.095974
0 0.636337 0.09911 0.057049 0.073219
0 0.667129 0.093231 0.081133 0.073962
0 0.252344 0.142708 0.045312 0.08125
0 0.43125 0.725 0.08125 0.1
0 0.484375 0.825 0.109375 0.15
0 0.414062 0.858333 0.075 0.166667
0 0.455469 0.917708 0.085938 0.189583
0 0.467969 0.955208 0.098438 0.222917
0 0.729688 0.85625 0.08125 0.045833
0 0.68125 0.865625 0.046875 0.05625
0 0.714062 0.903125 0.06875 0.08125
0 0.707812 0.946875 0.059375 0.102083
0 0.409375 0.253125 0.034375 0.08125
0 0.2625 0.352083 0.059375 0.120833
0 0.646875 0.288542 0.05625 0.060417
0 0.6875 0.347917 0.0875 0.104167
0 0.621875 0.352083 0.046875 0.1125
0 0.6375 0.395833 0.075 0.15
0 0.906955 0.194547 0.042036 0.126593
0 0.943882 0.198508 0.069014 0.134516
0 0.920632 0.134851 0.056888 0.098869
0 0.941817 0.124025 0.080509 0.110549
0 0.198914 0.085 0.038453 0.082499
0 0.649219 0.561458 0.042188 0.13125
0 0.442234 0.586067 0.065717 0.172134
0 0.416376 0.519137 0.051502 0.129941
0 0.455678 0.530728 0.067607 0.123956
0 0.483825 0.542375 0.09265 0.143083
0 0.474127 0.472528 0.09513 0.090889
0 0.50027 0.430417 0.128664 0.056667
0 0.844194 0.350888 0.069637 0.139276
0 0.849079 0.321865 0.063782 0.110397
0 0.85596 0.282309 0.07442 0.097951
0 0.806368 0.293912 0.050236 0.100323
0 0.807662 0.226725 0.0497 0.065949
0 0.840288 0.445336 0.064951 0.086506
0 0.86025 0.496878 0.073625 0.114589
0 0.894251 0.513984 0.094752 0.123802
0 0.889837 0.439154 0.095299 0.078308
0 0.699219 0.847917 0.114062 0.170833
0 0.740625 0.809375 0.1375 0.139583
0 0.659375 0.844792 0.084375 0.164583
0 0.684375 0.755208 0.096875 0.102083
0 0.725 0.710417 0.13125 0.070833
0 0.717969 0.780208 0.120312 0.11875
0 0.696094 0.811458 0.101562 0.135417
0 0.6625 0.79375 0.084375 0.129167
0 0.615625 0.8125 0.059375 0.141667
0 0.644531 0.722917 0.079688 0.095833
0 0.751562 0.746875 0.146875 0.102083
0 0.596908 0.288534 0.07194 0.085402
0 0.589834 0.314436 0.060919 0.091371
0 0.582599 0.341662 0.062073 0.120825
0 0.56283 0.295264 0.050661 0.094695
0 0.543546 0.336081 0.040217 0.12633
0 0.469995 0.107393 0.07124 0.064785
