0 0.411348 0.255986 0.125821 0.111971
0 0.3245 0.209707 0.074 0.086081
0 0.355916 0.182774 0.083707 0.057215
0 0.389146 0.221205 0.109542 0.088244
0 0.959375 0.590625 0.053125 0.139583
0 0.268839 0.3541 0.143927 0.095701
0 0.304812 0.385116 0.169 0.120231
0 0.267298 0.4274 0.140846 0.133966
0 0.280792 0.462205 0.145959 0.153577
0 0.233606 0.480353 0.117212 0.173206
0 0.28325 0.514609 0.14775 0.195884
0 0.260372 0.531048 0.123869 0.187096
0 0.257506 0.568945 0.121263 0.221224
0 0.300911 0.593638 0.154948 0.241442
0 0.280956 0.58214 0.140037 0.235114
0 0.229666 0.543443 0.103082 0.203552
0 0.185083 0.589924 0.09204 0.254848
0 0.21398 0.591144 0.093584 0.236454
0 0.234279 0.583703 0.106059 0.234072
0 0.257117 0.630492 0.126735 0.260984
0 0.229197 0.630979 0.102144 0.261958
0 0.214418 0.668224 0.091336 0.282282
0 0.241687 0.680084 0.114624 0.297668
0 0.285612 0.670617 0.146225 0.291234
0 0.311348 0.669861 0.169571 0.302222
0 0.254616 0.71311 0.134232 0.330387
0 0.212942 0.713544 0.097759 0.32292
0 0.758855 0.787402 0.070835 0.083136
0 0.728522 0.807032 0.053919 0.101563
0 0.752101 0.832514 0.072952 0.123361
0 0.729521 0.843937 0.068417 0.150375
0 0.62474 0.705609 0.124481 0.177884
0 0.664192 0.655024 0.140884 0.147547
0 0.634017 0.604196 0.133659 0.112559
0 0.623905 0.574978 0.119686 0.083289
0 0.616747 0.527523 0.127245 0.055047
0 0.554167 0.564799 0.077085 0.083765
0 0.542921 0.629624 0.079592 0.134248
0 0.559626 0.678312 0.078628 0.164958
0 0.617143 0.654419 0.109286 0.133837
0 0.682812 0.315625 0.153125 0.08125
0 0.599219 0.347917 0.101562 0.0875
0 0.632031 0.395833 0.126562 0.133333
0 0.617188 0.452083 0.109375 0.1625
0 0.586719 0.422917 0.092188 0.1375
0 0.51875 0.438542 0.04375 0.152083
0 0.569531 0.492708 0.082812 0.185417
0 0.769562 0.61804 0.057875 0.040247
0 0.368199 0.866328 0.073898 0.086823
0 0.362457 0.89597 0.059289 0.091941
0 0.370997 0.910575 0.070118 0.108649
0 0.402996 0.92288 0.105993 0.137426
0 0.349524 0.909262 0.055297 0.106023
0 0.097477 0.762692 0.110579 0.137885
0 0.608155 0.956473 0.072559 0.062946
0 0.781915 0.372926 0.051329 0.104186
0 0.565519 0.734228 0.065413 0.060123
0 0.633594 0.846875 0.048438 0.097917
0 0.876644 0.564786 0.047038 0.092073
0 0.94123 0.303073 0.035585 0.085313
0 0.074219 0.354167 0.048438 0.083333
