0 0.882812 0.766667 0.059375 0.120833
0 0.744792 0.479068 0.070835 0.083136
0 0.714459 0.498698 0.053919 0.101563
0 0.738039 0.52418 0.072952 0.123361
0 0.715459 0.535604 0.068417 0.150375
0 0.156219 0.21183 0.099938 0.111159
0 0.111253 0.216737 0.053756 0.095974
0 0.108212 0.172026 0.057049 0.073219
0 0.139004 0.166148 0.081133 0.073962
0 0.217852 0.825009 0.051329 0.104186
0 0.821628 0.646317 0.062006 0.196801
0 0.872234 0.638178 0.088218 0.176356
0 0.855696 0.562347 0.080143 0.133028
0 0.891016 0.569549 0.091406 0.114098
0 0.906365 0.556166 0.106479 0.112331
0 0.658487 0.561868 0.073225 0.098736
0 0.612751 0.591205 0.047378 0.128244
0 0.631901 0.517331 0.054426 0.067996
0 0.101562 0.884375 0.096875 0.135417
0 0.281527 0.358297 0.047429 0.091594
0 0.868008 0.16805 0.101642 0.069433
0 0.812007 0.172716 0.04589 0.066266
0 0.832563 0.201082 0.068252 0.089664
0 0.883843 0.216567 0.111436 0.103968
0 0.353423 0.536045 0.069346 0.09709
0 0.336719 0.901042 0.042188 0.114583
0 0.426062 0.126951 0.05525 0.066401
0 0.787639 0.343178 0.100277 0.115523
0 0.741221 0.328559 0.051191 0.090452
0 0.747618 0.283404 0.060862 0.066809
0 0.780939 0.289304 0.086878 0.074442
0 0.436196 0.684713 0.044266 0.081925
0 0.923438 0.325 0.08125 0.045833
0 0.875 0.334375 0.046875 0.05625
0 0.907812 0.371875 0.06875 0.08125
0 0.901562 0.415625 0.059375 0.102083
0 0.249219 0.357292 0.167188 0.09375
0 0.172656 0.317708 0.132812 0.052083
0 0.103906 0.339583 0.082812 0.0625
0 0.163281 0.422917 0.120312 0.129167
0 0.252344 0.455208 0.170312 0.160417
0 0.188281 0.478125 0.139062 0.164583
0 0.1125 0.469792 0.0875 0.164583
0 0.089062 0.565625 0.071875 0.222917
0 0.141406 0.615625 0.110938 0.277083
0 0.216406 0.413542 0.142188 0.11875
0 0.161719 0.353125 0.104688 0.072917
0 0.200781 0.364583 0.129688 0.079167
0 0.096094 0.407292 0.067188 0.114583
