0 0.480543 0.856601 0.061086 0.117368
0 0.763931 0.376761 0.152862 0.049354
0 0.731936 0.39271 0.132621 0.060419
0 0.78025 0.483716 0.157376 0.113265
0 0.701333 0.535621 0.121416 0.162909
0 0.751336 0.539327 0.133923 0.145321
0 0.733142 0.507544 0.128783 0.131754
0 0.726094 0.462066 0.133437 0.107466
0 0.804026 0.450161 0.189301 0.104489
0 0.849215 0.525356 0.207806 0.142379
0 0.885733 0.554479 0.240216 0.171458
0 0.824953 0.488438 0.190532 0.118542
0 0.814917 0.515323 0.18296 0.134813
0 0.775231 0.507462 0.147337 0.123256
0 0.780453 0.532437 0.154656 0.14404
0 0.803317 0.552432 0.17226 0.15903
0 0.83085 0.559913 0.192951 0.16566
0 0.751359 0.569104 0.155844 0.184042
0 0.65944 0.965255 0.07513 0.055509
0 0.560156 0.064583 0.064062 0.054167
0 0.533594 0.117708 0.042188 0.08125
0 0.555469 0.173958 0.064062 0.139583
0 0.773183 0.81746 0.061991 0.10992
0 0.408729 0.149464 0.048708 0.082261
0 0.434375 0.355208 0.05625 0.060417
0 0.475 0.414583 0.0875 0.104167
0 0.409375 0.41875 0.046875 0.1125
0 0.425 0.4625 0.075 0.15
0 0.975781 0.267708 0.114062 0.035417
0 0.967969 0.308333 0.110938 0.066667
0 0.970312 0.357292 0.109375 0.09375
0 0.985938 0.396875 0.115625 0.127083
0 0.946094 0.396875 0.085938 0.127083
0 0.914844 0.359375 0.067188 0.102083
0 0.903125 0.314583 0.0625 0.070833
0 0.866406 0.36875 0.039062 0.120833
0 0.901562 0.396875 0.059375 0.127083
0 0.871094 0.416667 0.042188 0.141667
0 0.934375 0.455208 0.096875 0.172917
0 0.626179 0.747816 0.083609 0.066465
0 0.613281 0.29375 0.042188 0.083333
0 0.901562 0.538542 0.08125 0.085417
0 0.884375 0.605208 0.05 0.11875
0 0.149232 0.379898 0.12034 0.072296
0 0.154368 0.431456 0.121237 0.104578
0 0.108786 0.474019 0.089447 0.135538
0 0.717188 0.211458 0.08125 0.072917
0 0.885156 0.773958 0.070312 0.102083
0 0.260156 0.073958 0.048438 0.06875
0 0.307031 0.138542 0.076562 0.11875
0 0.115105 0.181152 0.070835 0.083136
0 0.084772 0.200782 0.053919 0.101563
0 0.108351 0.226264 0.072952 0.123361
0 0.085771 0.237687 0.068417 0.150375
