0 0.627349 0.701503 0.067199 0.08634
0 0.3625 0.220833 0.1 0.125
0 0.319531 0.161458 0.064062 0.05625
0 0.28125 0.194792 0.04375 0.085417
0 0.305469 0.240625 0.060938 0.122917
0 0.57931 0.919236 0.067994 0.088472
0 0.5805 0.195124 0.057875 0.040247
0 0.213754 0.548118 0.071258 0.096235
0 0.541406 0.580208 0.048438 0.060417
0 0.217969 0.244792 0.039062 0.05625
0 0.331315 0.573588 0.07513 0.055509
0 0.989555 0.632414 0.097861 0.043995
0 0.96123 0.648081 0.08496 0.058661
0 0.945988 0.684097 0.070101 0.076528
0 0.960286 0.73034 0.079947 0.114846
0 0.933243 0.719051 0.053986 0.100603
0 0.901766 0.71025 0.037908 0.095501
0 0.234616 0.416752 0.050482 0.104338
0 0.742188 0.144792 0.0375 0.08125
0 0.483594 0.638542 0.042188 0.114583
0 0.451562 0.488542 0.084375 0.139583
0 0.222203 0.902367 0.116281 0.188067
0 0.238179 0.849516 0.129483 0.157366
0 0.193146 0.801937 0.105042 0.137207
0 0.121563 0.804884 0.058751 0.147268
0 0.188881 0.719511 0.084013 0.051522
0 0.76403 0.764623 0.07181 0.079245
0 0.751289 0.82052 0.068202 0.124373
0 0.833455 0.314056 0.076284 0.086446
0 0.863872 0.353244 0.080869 0.093987
0 0.844685 0.373669 0.073746 0.114005
0 0.826151 0.354583 0.064802 0.105
