0 0.571059 0.103125 0.070243 0.102083
0 0.73644 0.23829 0.06663 0.130747
0 0.788093 0.283731 0.076187 0.121629
0 0.801744 0.272023 0.084737 0.110712
0 0.804703 0.245381 0.093781 0.103263
0 0.779511 0.242352 0.074647 0.097205
0 0.769842 0.200475 0.083434 0.08845
0 0.819933 0.214306 0.105491 0.082778
0 0.845381 0.236702 0.125138 0.098404
0 0.852626 0.18789 0.142752 0.088279
0 0.808472 0.16734 0.104444 0.059681
0 0.528927 0.900162 0.054728 0.041991
0 0.371094 0.694792 0.054688 0.097917
0 0.068205 0.791476 0.052036 0.11212
0 0.103557 0.729546 0.066489 0.071592
0 0.062391 0.727183 0.043532 0.062699
0 0.967872 0.829671 0.07637 0.109343
0 0.94874 0.819783 0.056855 0.089565
0 0.942649 0.843761 0.063424 0.125023
0 0.930735 0.810678 0.04897 0.092189
0 0.918019 0.82394 0.039164 0.09788
0 0.328984 0.194408 0.048592 0.059649
0 0.222958 0.652909 0.067792 0.122485
0 0.237743 0.617824 0.06611 0.077314
0 0.611719 0.2875 0.064062 0.054167
0 0.585156 0.340625 0.042188 0.08125
0 0.607031 0.396875 0.064062 0.139583
0 0.966406 0.577083 0.064062 0.054167
0 0.939844 0.630208 0.042188 0.08125
0 0.961719 0.686458 0.064062 0.139583
0 0.378792 0.441399 0.057584 0.082797
0 0.646222 0.867189 0.036194 0.080211
0 0.662384 0.903534 0.046642 0.102901
0 0.673888 0.875379 0.054026 0.088259
0 0.681213 0.840196 0.062427 0.067892
0 0.599804 0.619838 0.043358 0.077175
0 0.628387 0.647915 0.056774 0.08333
0 0.617658 0.681989 0.060316 0.126478
0 0.645515 0.670305 0.07228 0.107278
0 0.656134 0.711668 0.077894 0.13167
0 0.382031 0.067708 0.042188 0.052083
0 0.423438 0.076042 0.06875 0.05625
0 0.408594 0.111458 0.064062 0.077083
0 0.388281 0.146875 0.051562 0.10625
0 0.475 0.74375 0.08125 0.045833
0 0.426562 0.753125 0.046875 0.05625
0 0.459375 0.790625 0.06875 0.08125
0 0.453125 0.834375 0.059375 0.102083
0 0.182031 0.829167 0.048438 0.095833
0 0.232031 0.796875 0.085938 0.060417
0 0.278906 0.832292 0.114062 0.102083
0 0.3125 0.857292 0.128125 0.110417
0 0.35625 0.8625 0.159375 0.129167
0 0.307812 0.944792 0.13125 0.172917
0 0.239844 0.9375 0.092188 0.179167
0 0.195312 0.919792 0.0625 0.152083
0 0.236719 0.858333 0.076562 0.104167
