0 0.128125 0.557292 0.10625 0.097917
0 0.082812 0.49375 0.078125 0.058333
0 0.443867 0.723225 0.093983 0.083949
0 0.464979 0.766076 0.111207 0.115485
0 0.443439 0.771201 0.086878 0.104902
0 0.418118 0.757801 0.076862 0.10727
0 0.424581 0.810129 0.086662 0.141091
0 0.400882 0.843499 0.07989 0.166164
0 0.834375 0.186458 0.153125 0.08125
0 0.750781 0.21875 0.101562 0.0875
0 0.783594 0.266667 0.126562 0.133333
0 0.76875 0.322917 0.109375 0.1625
0 0.738281 0.29375 0.092188 0.1375
0 0.670312 0.309375 0.04375 0.152083
0 0.721094 0.363542 0.082812 0.185417
0 0.293433 0.180309 0.07124 0.064785
0 0.158968 0.745262 0.092937 0.186357
0 0.888484 0.433691 0.095719 0.079881
0 0.883846 0.489636 0.086442 0.112606
0 0.854687 0.518973 0.065624 0.129612
0 0.838906 0.444559 0.059062 0.08495
0 0.379688 0.913542 0.08125 0.085417
0 0.3625 0.980208 0.05 0.11875
0 0.344252 0.49454 0.06663 0.130747
0 0.395906 0.539981 0.076187 0.121629
0 0.409556 0.528273 0.084737 0.110712
0 0.412515 0.501631 0.093781 0.103263
0 0.387323 0.498602 0.074647 0.097205
0 0.377655 0.456725 0.083434 0.08845
0 0.427745 0.470556 0.105491 0.082778
0 0.453194 0.492952 0.125138 0.098404
0 0.460438 0.44414 0.142752 0.088279
0 0.416285 0.42359 0.104444 0.059681
0 0.675781 0.842708 0.114062 0.035417
0 0.667969 0.883333 0.110938 0.066667
0 0.670312 0.932292 0.109375 0.09375
0 0.685938 0.971875 0.115625 0.127083
0 0.646094 0.971875 0.085938 0.127083
0 0.614844 0.934375 0.067188 0.102083
0 0.603125 0.889583 0.0625 0.070833
0 0.566406 0.94375 0.039062 0.120833
0 0.601562 0.971875 0.059375 0.127083
0 0.571094 0.991667 0.042188 0.141667
0 0.634375 1.030208 0.096875 0.172917
0 0.117969 0.148958 0.048438 0.06875
0 0.164844 0.213542 0.076562 0.11875
0 0.722254 0.802249 0.147634 0.316998
0 0.683858 0.788643 0.123967 0.31062
0 0.712121 0.740814 0.136741 0.269128
0 0.695637 0.717987 0.122523 0.248474
0 0.729417 0.67317 0.14946 0.225507
0 0.681623 0.665726 0.116372 0.218953
0 0.706149 0.652294 0.121673 0.192089
0 0.70084 0.611868 0.120431 0.16957
0 0.654375 0.606841 0.093125 0.172015
0 0.674897 0.606507 0.106045 0.171347
0 0.729266 0.621796 0.139782 0.176925
0 0.745308 0.545864 0.165616 0.150061
0 0.732125 0.569446 0.142374 0.143059
0 0.716054 0.585404 0.132108 0.154142
0 0.685867 0.555088 0.112359 0.135176
0 0.712544 0.540325 0.128212 0.122316
0 0.720048 0.503312 0.13072 0.094124
0 0.689064 0.499591 0.115629 0.099181
0 0.652443 0.529248 0.092387 0.120996
0 0.624758 0.534281 0.080766 0.135228
0 0.664576 0.46883 0.107277 0.091827
0 0.706291 0.454953 0.128207 0.072406
0 0.935156 0.596875 0.042188 0.052083
0 0.976562 0.605208 0.06875 0.05625
0 0.961719 0.640625 0.064062 0.077083
0 0.941406 0.676042 0.051562 0.10625
0 0.879688 0.788542 0.0875 0.097917
0 0.9 0.894792 0.109375 0.14375
0 0.853906 0.951042 0.092188 0.18125
0 0.804688 0.917708 0.034375 0.160417
0 0.894531 1.017708 0.104688 0.23125
0 0.920231 0.242416 0.106086 0.134832
0 0.37325 0.124595 0.0465 0.103357
0 0.407546 0.164734 0.074467 0.141969
0 0.053194 0.261806 0.050138 0.09028
