0 0.898186 0.149132 0.058872 0.127431
0 0.605469 0.10625 0.064062 0.054167
0 0.578906 0.159375 0.042188 0.08125
0 0.600781 0.215625 0.064062 0.139583
0 0.5625 0.828125 0.096875 0.135417
0 0.714062 0.582292 0.0875 0.097917
0 0.734375 0.688542 0.109375 0.14375
0 0.688281 0.744792 0.092188 0.18125
0 0.639062 0.711458 0.034375 0.160417
0 0.728906 0.811458 0.104688 0.23125
0 0.352344 0.758333 0.114062 0.170833
0 0.39375 0.719792 0.1375 0.139583
0 0.3125 0.755208 0.084375 0.164583
0 0.3375 0.665625 0.096875 0.102083
0 0.378125 0.620833 0.13125 0.070833
0 0.371094 0.690625 0.120312 0.11875
0 0.349219 0.721875 0.101562 0.135417
0 0.315625 0.704167 0.084375 0.129167
0 0.26875 0.722917 0.059375 0.141667
0 0.297656 0.633333 0.079688 0.095833
0 0.404688 0.657292 0.146875 0.102083
0 0.710156 0.340625 0.054688 0.10625
0 0.760938 0.3125 0.1 0.070833
0 0.778906 0.36875 0.101562 0.125
0 0.755469 0.460417 0.092188 0.208333
0 0.314062 0.355208 0.153125 0.08125
0 0.230469 0.3875 0.101562 0.0875
0 0.263281 0.435417 0.126562 0.133333
0 0.248438 0.491667 0.109375 0.1625
0 0.217969 0.4625 0.092188 0.1375
0 0.15 0.478125 0.04375 0.152083
0 0.200781 0.532292 0.082812 0.185417
0 0.600423 0.482364 0.072721 0.064728
0 0.050258 0.090963 0.044266 0.081925
0 0.896679 0.813588 0.043358 0.077175
0 0.925262 0.841665 0.056774 0.08333
0 0.914533 0.875739 0.060316 0.126478
0 0.94239 0.864055 0.07228 0.107278
0 0.953009 0.905418 0.077894 0.13167
0 0.142631 0.721721 0.069637 0.139276
0 0.147516 0.692699 0.063782 0.110397
0 0.154397 0.653142 0.07442 0.097951
0 0.104806 0.664745 0.050236 0.100323
0 0.1061 0.597558 0.0497 0.065949
0 0.474219 0.451042 0.032812 0.085417
0 0.569995 0.707393 0.07124 0.064785
0 0.164844 0.84375 0.064062 0.054167
0 0.138281 0.896875 0.042188 0.08125
0 0.160156 0.953125 0.064062 0.139583
0 0.547656 0.151042 0.167188 0.09375
0 0.471094 0.111458 0.132812 0.052083
0 0.402344 0.133333 0.082812 0.0625
0 0.461719 0.216667 0.120312 0.129167
0 0.550781 0.248958 0.170312 0.160417
0 0.486719 0.271875 0.139062 0.164583
0 0.410938 0.263542 0.0875 0.164583
0 0.3875 0.359375 0.071875 0.222917
0 0.439844 0.409375 0.110938 0.277083
0 0.514844 0.207292 0.142188 0.11875
0 0.460156 0.146875 0.104688 0.072917
0 0.499219 0.158333 0.129688 0.079167
0 0.394531 0.201042 0.067188 0.114583
0 0.311655 0.091664 0.070186 0.074994
0 0.314116 0.155387 0.075107 0.123273
0 0.279025 0.115723 0.054925 0.10228
0 0.273102 0.153515 0.061828 0.14453
