0 0.401562 0.1125 0.059375 0.108333
0 0.196875 0.158333 0.059375 0.120833
0 0.458373 0.538863 0.16362 0.12356
0 0.337488 0.551872 0.081226 0.153744
0 0.415899 0.46613 0.131798 0.065593
0 0.875781 0.296875 0.114062 0.035417
0 0.867969 0.3375 0.110938 0.066667
0 0.870312 0.386458 0.109375 0.09375
0 0.885938 0.426042 0.115625 0.127083
0 0.846094 0.426042 0.085938 0.127083
0 0.814844 0.388542 0.067188 0.102083
0 0.803125 0.34375 0.0625 0.070833
0 0.766406 0.397917 0.039062 0.120833
0 0.801562 0.426042 0.059375 0.127083
0 0.771094 0.445833 0.042188 0.141667
0 0.834375 0.484375 0.096875 0.172917
0 0.86187 0.550807 0.04249 0.130782
0 0.562394 0.646728 0.065413 0.060123
0 0.268819 0.580556 0.050138 0.09028
0 0.117982 0.494481 0.12034 0.072296
0 0.123118 0.546039 0.121237 0.104578
0 0.077536 0.588602 0.089447 0.135538
0 0.796793 0.776864 0.056085 0.120395
0 0.805376 0.868664 0.060752 0.166495
0 0.836914 0.886676 0.089453 0.185851
0 0.8684 0.834506 0.096174 0.139845
0 0.835933 0.958848 0.081241 0.230195
0 0.438281 0.328125 0.048438 0.097917
0 0.164844 0.779167 0.064062 0.054167
0 0.138281 0.832292 0.042188 0.08125
0 0.160156 0.888542 0.064062 0.139583
0 0.644192 0.220916 0.129009 0.075165
0 0.603079 0.204347 0.099908 0.06286
0 0.656389 0.255717 0.122153 0.086434
0 0.655722 0.271679 0.120819 0.097525
0 0.626322 0.240361 0.112019 0.08489
0 0.600194 0.256118 0.100389 0.099736
0 0.630149 0.279339 0.122798 0.117011
0 0.592629 0.224895 0.085257 0.070624
0 0.307031 0.841667 0.048438 0.095833
0 0.357031 0.809375 0.085938 0.060417
0 0.403906 0.844792 0.114062 0.102083
0 0.4375 0.869792 0.128125 0.110417
0 0.48125 0.875 0.159375 0.129167
0 0.432812 0.957292 0.13125 0.172917
0 0.364844 0.95 0.092188 0.179167
0 0.320312 0.932292 0.0625 0.152083
0 0.361719 0.870833 0.076562 0.104167
0 0.073054 0.260316 0.083609 0.066465
0 0.689179 0.373225 0.093983 0.083949
0 0.710291 0.416076 0.111207 0.115485
0 0.688751 0.421201 0.086878 0.104902
0 0.663431 0.407801 0.076862 0.10727
0 0.669894 0.460129 0.086662 0.141091
0 0.646195 0.493499 0.07989 0.166164
0 0.959375 0.676042 0.053125 0.04375
