0 0.778125 0.584375 0.0375 0.08125
0 0.450781 0.752083 0.064062 0.054167
0 0.424219 0.805208 0.042188 0.08125
0 0.446094 0.861458 0.064062 0.139583
0 0.53597 0.169784 0.07194 0.085402
0 0.528897 0.195686 0.060919 0.091371
0 0.521662 0.222912 0.062073 0.120825
0 0.501893 0.176514 0.050661 0.094695
0 0.482608 0.217331 0.040217 0.12633
0 0.438281 0.634375 0.135938 0.097917
0 0.324219 0.598958 0.064062 0.08125
0 0.319531 0.677083 0.060938 0.108333
0 0.389844 0.651042 0.095312 0.11875
0 0.42162 0.33621 0.061991 0.10992
0 0.790396 0.123423 0.049543 0.084346
0 0.620429 0.754475 0.093983 0.083949
0 0.641541 0.797326 0.111207 0.115485
0 0.620001 0.802451 0.086878 0.104902
0 0.594681 0.789051 0.076862 0.10727
0 0.601144 0.841379 0.086662 0.141091
0 0.577445 0.874749 0.07989 0.166164
0 0.217969 0.755208 0.089062 0.060417
0 0.257031 0.821875 0.107812 0.110417
0 0.341406 0.825 0.148438 0.133333
0 0.559375 0.536458 0.046875 0.11875
0 0.599219 0.490625 0.057812 0.035417
0 0.61875 0.502083 0.071875 0.0375
0 0.632031 0.523958 0.085938 0.064583
0 0.605469 0.548958 0.067188 0.077083
0 0.611719 0.588542 0.082812 0.127083
0 0.660156 0.557292 0.107812 0.085417
0 0.680469 0.511458 0.123438 0.05625
0 0.707031 0.546875 0.148438 0.110417
0 0.666406 0.61875 0.117188 0.1375
0 0.321875 0.342708 0.084375 0.139583
0 0.923438 0.532292 0.034375 0.08125
0 0.871875 0.641667 0.05625 0.0625
0 0.900781 0.320833 0.064062 0.054167
0 0.874219 0.373958 0.042188 0.08125
0 0.896094 0.430208 0.064062 0.139583
0 0.167188 0.123958 0.05625 0.060417
0 0.207812 0.183333 0.0875 0.104167
0 0.142188 0.1875 0.046875 0.1125
0 0.157812 0.23125 0.075 0.15
0 0.944531 0.14375 0.076562 0.0625
0 0.820312 0.413542 0.10625 0.097917
0 0.775 0.35 0.078125 0.058333
