0 0.638281 0.291667 0.076562 0.0625
0 0.916406 0.444792 0.060938 0.064583
0 0.888281 0.507292 0.032812 0.10625
0 0.927344 0.514583 0.064062 0.104167
0 0.508559 0.565625 0.070243 0.102083
0 0.109207 0.243508 0.055914 0.066184
0 0.456862 0.482943 0.20435 0.232554
0 0.434717 0.539883 0.191308 0.271433
0 0.416187 0.477419 0.169873 0.225672
0 0.393826 0.497554 0.153277 0.232608
0 0.380641 0.419877 0.148783 0.185587
0 0.357337 0.497818 0.133425 0.233135
0 0.356964 0.462158 0.120178 0.19515
0 0.328701 0.454892 0.107402 0.188951
0 0.309457 0.525188 0.097039 0.242042
0 0.316837 0.49252 0.102424 0.218374
0 0.347056 0.411645 0.119113 0.16079
0 0.309183 0.33729 0.105867 0.141247
0 0.31502 0.384437 0.09879 0.143874
0 0.318618 0.417336 0.102861 0.163838
0 0.290064 0.452163 0.080128 0.195993
0 0.290518 0.405168 0.081036 0.156169
0 0.268181 0.38139 0.064486 0.137781
0 0.256637 0.42267 0.06015 0.174506
0 0.259954 0.494063 0.063658 0.225626
0 0.253629 0.535486 0.066633 0.262639
0 0.228907 0.441942 0.048439 0.204716
0 0.234969 0.377261 0.048062 0.146188
0 0.829419 0.773581 0.099464 0.10133
0 0.891062 0.855487 0.147749 0.165141
0 0.893733 0.765258 0.137465 0.088849
0 0.857555 0.077798 0.055735 0.068096
0 0.541406 0.176042 0.045312 0.08125
0 0.188295 0.798648 0.12034 0.072296
0 0.193431 0.850206 0.121237 0.104578
0 0.147848 0.892769 0.089447 0.135538
0 0.59279 0.427276 0.110579 0.137885
0 0.63125 0.690625 0.08125 0.085417
0 0.614062 0.757292 0.05 0.11875
0 0.354688 0.91875 0.05625 0.0625
0 0.889844 0.248958 0.114062 0.035417
0 0.882031 0.289583 0.110938 0.066667
0 0.884375 0.338542 0.109375 0.09375
0 0.9 0.378125 0.115625 0.127083
0 0.860156 0.378125 0.085938 0.127083
0 0.828906 0.340625 0.067188 0.102083
0 0.817188 0.295833 0.0625 0.070833
0 0.780469 0.35 0.039062 0.120833
0 0.815625 0.378125 0.059375 0.127083
0 0.785156 0.397917 0.042188 0.141667
0 0.848438 0.436458 0.096875 0.172917
0 0.17881 0.390088 0.07637 0.109343
0 0.159678 0.380199 0.056855 0.089565
0 0.153587 0.404178 0.063424 0.125023
0 0.141672 0.371094 0.04897 0.092189
0 0.128957 0.384357 0.039164 0.09788
0 0.307812 0.721875 0.10625 0.097917
0 0.2625 0.658333 0.078125 0.058333
0 0.639799 0.84077 0.095224 0.077374
0 0.626562 0.894069 0.071874 0.096472
0 0.636692 0.950989 0.08901 0.143645
0 0.663115 0.940228 0.09498 0.122123
0 0.6664 0.899622 0.10155 0.103411
