0 0.233655 0.672134 0.057934 0.110934
0 0.238972 0.614727 0.056069 0.066954
0 0.213879 0.632392 0.040258 0.077284
0 0.483455 0.20364 0.076284 0.086446
0 0.513872 0.242827 0.080869 0.093987
0 0.494685 0.263253 0.073746 0.114005
0 0.476151 0.244166 0.064802 0.105
0 0.713281 0.6625 0.073438 0.054167
0 0.85944 0.650671 0.07513 0.055509
0 0.354605 0.293531 0.056085 0.120395
0 0.363188 0.385331 0.060752 0.166495
0 0.394726 0.403342 0.089453 0.185851
0 0.426212 0.351173 0.096174 0.139845
0 0.393746 0.475514 0.081241 0.230195
0 0.934375 0.376042 0.10625 0.097917
0 0.889062 0.3125 0.078125 0.058333
0 0.993354 0.170552 0.152332 0.124438
0 0.962317 0.144455 0.124633 0.097243
0 0.962706 0.185217 0.128537 0.128768
0 0.961231 0.217703 0.125587 0.147907
0 0.92198 0.22671 0.11271 0.170086
0 0.922569 0.191545 0.101389 0.133091
0 0.935167 0.167154 0.107834 0.113475
0 0.899838 0.159148 0.093427 0.122463
0 0.894178 0.115483 0.082106 0.080966
0 0.911768 0.083563 0.09541 0.06296
0 0.879891 0.071586 0.066032 0.04734
0 0.753125 0.284375 0.053125 0.04375
0 0.784375 0.809375 0.0375 0.13125
0 0.932031 0.736458 0.048438 0.060417
0 0.417969 0.901042 0.032812 0.085417
0 0.603125 0.715625 0.08125 0.085417
0 0.585938 0.782292 0.05 0.11875
0 0.600781 0.546875 0.042188 0.114583
0 0.318372 0.856736 0.067994 0.088472
0 0.204688 0.384375 0.053125 0.139583
0 0.489807 0.600008 0.085864 0.13335
0 0.493815 0.571176 0.075131 0.096519
0 0.516228 0.535765 0.098081 0.08403
0 0.530887 0.559521 0.09615 0.085708
0 0.523167 0.582903 0.096334 0.107474
