0 0.09187 0.882393 0.07124 0.064785
0 0.471094 0.108333 0.076562 0.0625
0 0.241427 0.566829 0.054728 0.041991
0 0.413102 0.539776 0.110579 0.137885
0 0.940625 0.161458 0.153125 0.08125
0 0.857031 0.19375 0.101562 0.0875
0 0.889844 0.241667 0.126562 0.133333
0 0.875 0.297917 0.109375 0.1625
0 0.844531 0.26875 0.092188 0.1375
0 0.776562 0.284375 0.04375 0.152083
0 0.827344 0.338542 0.082812 0.185417
0 0.395207 0.150895 0.065413 0.060123
0 0.641406 0.726042 0.042188 0.114583
0 0.530469 0.417708 0.048438 0.072917
0 0.911026 0.4916 0.143927 0.095701
0 0.947 0.522616 0.169 0.120231
0 0.909485 0.5649 0.140846 0.133966
0 0.922979 0.599705 0.145959 0.153577
0 0.875793 0.617853 0.117212 0.173206
0 0.925437 0.652109 0.14775 0.195884
0 0.90256 0.668548 0.123869 0.187096
0 0.899694 0.706445 0.121263 0.221224
0 0.943099 0.731138 0.154948 0.241442
0 0.923143 0.71964 0.140037 0.235114
0 0.871854 0.680943 0.103082 0.203552
0 0.82727 0.727424 0.09204 0.254848
0 0.856167 0.728644 0.093584 0.236454
0 0.876467 0.721203 0.106059 0.234072
0 0.899305 0.767992 0.126735 0.260984
0 0.871384 0.768479 0.102144 0.261958
0 0.856606 0.805724 0.091336 0.282282
0 0.883875 0.817584 0.114624 0.297668
0 0.9278 0.808117 0.146225 0.291234
0 0.953536 0.807361 0.169571 0.302222
0 0.896803 0.85061 0.134232 0.330387
0 0.855129 0.851044 0.097759 0.32292
0 0.559375 0.803125 0.0375 0.13125
0 0.474219 0.847917 0.064062 0.054167
0 0.447656 0.901042 0.042188 0.08125
0 0.469531 0.957292 0.064062 0.139583
0 0.671193 0.160922 0.051762 0.138511
0 0.692225 0.072413 0.071949 0.086493
0 0.647558 0.098529 0.03574 0.092891
0 0.445723 0.303902 0.125821 0.111971
0 0.358875 0.257624 0.074 0.086081
0 0.390291 0.230691 0.083707 0.057215
0 0.423521 0.269122 0.109542 0.088244
0 0.260156 0.657292 0.032812 0.052083
0 0.278906 0.684375 0.048438 0.077083
0 0.314844 0.703125 0.067188 0.085417
0 0.359375 0.677083 0.103125 0.066667
0 0.350781 0.720833 0.092188 0.0875
0 0.346094 0.75625 0.089062 0.116667
0 0.138679 0.637399 0.083609 0.066465
0 0.050781 0.694792 0.039062 0.05625
