0 0.810195 0.673577 0.051639 0.10132
0 0.221354 0.185352 0.042709 0.049871
0 0.244258 0.19519 0.063517 0.061214
0 0.265083 0.225195 0.073915 0.07539
0 0.260247 0.272275 0.070495 0.111216
0 0.286167 0.255749 0.081709 0.094831
0 0.309637 0.243978 0.100525 0.087956
0 0.953125 0.736458 0.10625 0.097917
0 0.907812 0.672917 0.078125 0.058333
0 0.546094 0.733333 0.064062 0.054167
0 0.519531 0.786458 0.042188 0.08125
0 0.541406 0.842708 0.064062 0.139583
0 0.575076 0.156522 0.072026 0.058878
0 0.13644 0.84454 0.06663 0.130747
0 0.188093 0.889981 0.076187 0.121629
0 0.201744 0.878273 0.084737 0.110712
0 0.204703 0.851631 0.093781 0.103263
0 0.179511 0.848602 0.074647 0.097205
0 0.169842 0.806725 0.083434 0.08845
0 0.219933 0.820556 0.105491 0.082778
0 0.245381 0.842952 0.125138 0.098404
0 0.252626 0.79414 0.142752 0.088279
0 0.208472 0.77359 0.104444 0.059681
0 0.714768 0.629963 0.042036 0.126593
0 0.751695 0.633925 0.069014 0.134516
0 0.728444 0.570268 0.056888 0.098869
0 0.749629 0.559441 0.080509 0.110549
0 0.901082 0.921201 0.045915 0.075735
0 0.710938 0.411458 0.0375 0.08125
0 0.2875 0.476042 0.08125 0.085417
0 0.270312 0.542708 0.05 0.11875
0 0.363281 0.111458 0.048438 0.06875
0 0.410156 0.176042 0.076562 0.11875
0 0.468172 0.652441 0.095719 0.079881
0 0.463534 0.708386 0.086442 0.112606
0 0.434375 0.737723 0.065624 0.129612
0 0.418593 0.663309 0.059062 0.08495
0 0.542594 0.361998 0.053938 0.103163
0 0.590239 0.303647 0.089852 0.069794
0 0.435177 0.379329 0.054728 0.041991
0 0.762601 0.196219 0.106452 0.079938
0 0.708084 0.197928 0.072418 0.083356
0 0.325577 0.949178 0.069904 0.135857
0 0.328434 0.920539 0.063119 0.107745
0 0.332843 0.883197 0.071936 0.09556
0 0.289191 0.899045 0.050256 0.102256
0 0.28644 0.83474 0.04788 0.06948
