0 0.501375 0.257929 0.0465 0.103357
0 0.535671 0.298068 0.074467 0.141969
0 0.353366 0.683419 0.050482 0.104338
0 0.592263 0.873189 0.072026 0.058878
0 0.805469 0.921875 0.032812 0.085417
0 0.714179 0.139891 0.093983 0.083949
0 0.735291 0.182742 0.111207 0.115485
0 0.713751 0.187868 0.086878 0.104902
0 0.688431 0.174468 0.076862 0.10727
0 0.694894 0.226795 0.086662 0.141091
0 0.671195 0.260165 0.07989 0.166164
0 0.948274 0.169789 0.096548 0.114577
0 0.707429 0.799899 0.083609 0.066465
0 0.770312 0.384375 0.0375 0.06875
0 1.025612 0.72461 0.20435 0.232554
0 1.003467 0.78155 0.191308 0.271433
0 0.984937 0.719086 0.169873 0.225672
0 0.962576 0.739221 0.153277 0.232608
0 0.949391 0.661543 0.148783 0.185587
0 0.926087 0.739484 0.133425 0.233135
0 0.925714 0.703825 0.120178 0.19515
0 0.897451 0.696559 0.107402 0.188951
0 0.878207 0.766855 0.097039 0.242042
0 0.885587 0.734187 0.102424 0.218374
0 0.915806 0.653312 0.119113 0.16079
0 0.877933 0.578957 0.105867 0.141247
0 0.88377 0.626104 0.09879 0.143874
0 0.887368 0.659003 0.102861 0.163838
0 0.858814 0.69383 0.080128 0.195993
0 0.859268 0.646834 0.081036 0.156169
0 0.836931 0.623057 0.064486 0.137781
0 0.825387 0.664336 0.06015 0.174506
0 0.828704 0.73573 0.063658 0.225626
0 0.822379 0.777153 0.066633 0.262639
0 0.797657 0.683608 0.048439 0.204716
0 0.803719 0.618928 0.048062 0.146188
0 0.146018 0.311213 0.042036 0.126593
0 0.182945 0.315175 0.069014 0.134516
0 0.159694 0.251518 0.056888 0.098869
0 0.180879 0.240691 0.080509 0.110549
0 0.88498 0.855156 0.035585 0.085313
0 0.696355 0.491568 0.070835 0.083136
0 0.666022 0.511198 0.053919 0.101563
0 0.689601 0.53668 0.072952 0.123361
0 0.667021 0.548104 0.068417 0.150375
0 0.509375 0.436458 0.0875 0.097917
0 0.529688 0.542708 0.109375 0.14375
0 0.483594 0.598958 0.092188 0.18125
0 0.434375 0.565625 0.034375 0.160417
0 0.524219 0.665625 0.104688 0.23125
0 0.549745 0.125793 0.061991 0.10992
0 0.227123 0.83053 0.16362 0.12356
0 0.106238 0.843539 0.081226 0.153744
0 0.184649 0.757797 0.131798 0.065593
0 0.382052 0.937662 0.054728 0.041991
