0 0.300737 0.680354 0.095224 0.077374
0 0.287499 0.733653 0.071874 0.096472
0 0.29763 0.790573 0.08901 0.143645
0 0.324053 0.779811 0.09498 0.122123
0 0.327337 0.739205 0.10155 0.103411
0 0.832416 0.587219 0.152332 0.124438
0 0.801379 0.561121 0.124633 0.097243
0 0.801768 0.601884 0.128537 0.128768
0 0.800293 0.63437 0.125587 0.147907
0 0.761042 0.643377 0.11271 0.170086
0 0.761632 0.608212 0.101389 0.133091
0 0.774229 0.583821 0.107834 0.113475
0 0.738901 0.575815 0.093427 0.122463
0 0.73324 0.53215 0.082106 0.080966
0 0.75083 0.50023 0.09541 0.06296
0 0.718954 0.488253 0.066032 0.04734
0 0.455469 0.269792 0.042188 0.052083
0 0.496875 0.278125 0.06875 0.05625
0 0.482031 0.313542 0.064062 0.077083
0 0.461719 0.348958 0.051562 0.10625
0 0.137601 0.587886 0.106452 0.079938
0 0.083084 0.589595 0.072418 0.083356
0 0.435432 0.854786 0.058364 0.059573
0 0.66754 0.736664 0.075705 0.077495
0 0.378906 0.369792 0.114062 0.035417
0 0.371094 0.410417 0.110938 0.066667
0 0.373438 0.459375 0.109375 0.09375
0 0.389062 0.498958 0.115625 0.127083
0 0.349219 0.498958 0.085938 0.127083
0 0.317969 0.461458 0.067188 0.102083
0 0.30625 0.416667 0.0625 0.070833
0 0.269531 0.470833 0.039062 0.120833
0 0.304688 0.498958 0.059375 0.127083
0 0.274219 0.51875 0.042188 0.141667
0 0.3375 0.557292 0.096875 0.172917
0 0.141406 0.84375 0.073438 0.054167
0 0.817263 0.323189 0.072026 0.058878
0 0.199354 0.401547 0.048708 0.082261
0 0.684487 0.351975 0.072098 0.12895
0 0.644233 0.319437 0.050966 0.118041
0 0.582812 0.107292 0.04375 0.08125
0 0.16436 0.246462 0.069346 0.09709
0 0.539539 0.770416 0.038453 0.082499
0 0.774252 0.268748 0.076628 0.22083
0 0.743231 0.198606 0.058337 0.155546
0 0.760191 0.136099 0.079758 0.118032
0 0.812759 0.14978 0.097392 0.120394
0 0.729443 0.088763 0.049512 0.08586
0 0.814844 0.836458 0.089062 0.060417
0 0.853906 0.903125 0.107812 0.110417
0 0.938281 0.90625 0.148438 0.133333
