0 0.914877 0.287498 0.076628 0.22083
0 0.883856 0.217356 0.058337 0.155546
0 0.900816 0.154849 0.079758 0.118032
0 0.953384 0.16853 0.097392 0.120394
0 0.870068 0.107513 0.049512 0.08586
0 0.175781 0.377083 0.048438 0.095833
0 0.225781 0.344792 0.085938 0.060417
0 0.272656 0.380208 0.114062 0.102083
0 0.30625 0.405208 0.128125 0.110417
0 0.35 0.410417 0.159375 0.129167
0 0.301562 0.492708 0.13125 0.172917
0 0.233594 0.485417 0.092188 0.179167
0 0.189062 0.467708 0.0625 0.152083
0 0.230469 0.40625 0.076562 0.104167
0 0.840074 0.807995 0.073898 0.086823
0 0.834332 0.837637 0.059289 0.091941
0 0.842872 0.852241 0.070118 0.108649
0 0.874871 0.864547 0.105993 0.137426
0 0.821399 0.850928 0.055297 0.106023
0 0.746462 0.097537 0.04605 0.111741
0 0.574219 0.833333 0.048438 0.083333
0 0.921381 0.594349 0.086511 0.134532
0 0.752344 0.466667 0.064062 0.054167
0 0.725781 0.519792 0.042188 0.08125
0 0.747656 0.576042 0.064062 0.139583
0 0.666118 0.459497 0.097861 0.043995
0 0.637793 0.475164 0.08496 0.058661
0 0.62255 0.51118 0.070101 0.076528
0 0.636849 0.557423 0.079947 0.114846
0 0.609806 0.546135 0.053986 0.100603
0 0.578329 0.537334 0.037908 0.095501
0 0.709852 0.849583 0.038453 0.082499
0 0.101399 0.319789 0.096548 0.114577
0 0.95 0.865625 0.053125 0.04375
0 0.389436 0.655167 0.075747 0.114501
0 0.451937 0.630957 0.116373 0.095246
0 0.094313 0.781728 0.088625 0.217623
0 0.123932 0.693838 0.100988 0.141843
0 0.06706 0.683221 0.071621 0.133108
0 0.093319 0.634725 0.074137 0.08195
0 0.09683 0.591441 0.08116 0.062049
0 0.31629 0.872926 0.051329 0.104186
0 0.099748 0.861632 0.058872 0.127431
0 0.650781 0.151042 0.042188 0.114583
