0 0.404582 0.927978 0.065413 0.060123
0 0.599184 0.867708 0.070243 0.102083
0 0.483455 0.718223 0.076284 0.086446
0 0.513872 0.75741 0.080869 0.093987
0 0.494685 0.777836 0.073746 0.114005
0 0.476151 0.75875 0.064802 0.105
0 0.792969 0.528125 0.039062 0.05625
0 0.211719 0.913542 0.032812 0.052083
0 0.230469 0.940625 0.048438 0.077083
0 0.266406 0.959375 0.067188 0.085417
0 0.310938 0.933333 0.103125 0.066667
0 0.302344 0.977083 0.092188 0.0875
0 0.297656 1.0125 0.089062 0.116667
0 0.443433 0.384476 0.07124 0.064785
0 0.929688 0.567708 0.0875 0.097917
0 0.95 0.673958 0.109375 0.14375
0 0.903906 0.730208 0.092188 0.18125
0 0.854688 0.696875 0.034375 0.160417
0 0.944531 0.796875 0.104688 0.23125
0 0.953862 0.869937 0.095224 0.077374
0 0.940624 0.923236 0.071874 0.096472
0 0.950755 0.980156 0.08901 0.143645
0 0.977178 0.969395 0.09498 0.122123
0 0.980462 0.928789 0.10155 0.103411
0 0.327065 0.552874 0.06663 0.130747
0 0.378718 0.598314 0.076187 0.121629
0 0.392369 0.586606 0.084737 0.110712
0 0.395328 0.559965 0.093781 0.103263
0 0.370136 0.556936 0.074647 0.097205
0 0.360467 0.515058 0.083434 0.08845
0 0.410558 0.528889 0.105491 0.082778
0 0.436006 0.551285 0.125138 0.098404
0 0.443251 0.502473 0.142752 0.088279
0 0.399097 0.481924 0.104444 0.059681
0 0.138805 0.492381 0.055735 0.068096
0 0.066406 0.588542 0.048438 0.060417
0 0.071942 0.853024 0.04701 0.135216
0 0.121829 0.8004 0.068659 0.117467
0 0.147618 0.877424 0.08586 0.196515
0 0.131411 1.016833 0.075323 0.237833
0 0.179656 0.817732 0.109312 0.127131
0 0.778906 0.184375 0.054688 0.085417
0 0.213894 0.149758 0.055914 0.066184
0 0.452646 0.202909 0.067792 0.122485
0 0.46743 0.167824 0.06611 0.077314
0 0.659123 0.709549 0.058872 0.127431
