0 0.944048 0.773545 0.069346 0.09709
0 0.383594 0.430208 0.167188 0.09375
0 0.307031 0.390625 0.132812 0.052083
0 0.238281 0.4125 0.082812 0.0625
0 0.297656 0.495833 0.120312 0.129167
0 0.386719 0.528125 0.170312 0.160417
0 0.322656 0.551042 0.139062 0.164583
0 0.246875 0.542708 0.0875 0.164583
0 0.223438 0.638542 0.071875 0.222917
0 0.275781 0.688542 0.110938 0.277083
0 0.350781 0.486458 0.142188 0.11875
0 0.296094 0.426042 0.104688 0.072917
0 0.335156 0.4375 0.129688 0.079167
0 0.230469 0.480208 0.067188 0.114583
0 0.072656 0.578125 0.060938 0.064583
0 0.044531 0.640625 0.032812 0.10625
0 0.083594 0.647917 0.064062 0.104167
0 0.685838 0.739849 0.134176 0.154697
0 0.828094 0.232663 0.099938 0.111159
0 0.783128 0.23757 0.053756 0.095974
0 0.780087 0.19286 0.057049 0.073219
0 0.810879 0.186981 0.081133 0.073962
0 0.891406 0.103125 0.048438 0.060417
0 0.9375 0.594792 0.10625 0.097917
0 0.892188 0.53125 0.078125 0.058333
0 0.277205 0.75364 0.076284 0.086446
0 0.307622 0.792827 0.080869 0.093987
0 0.288435 0.813253 0.073746 0.114005
0 0.269901 0.794166 0.064802 0.105
0 0.342188 0.113542 0.046875 0.11875
0 0.382031 0.067708 0.057812 0.035417
0 0.401562 0.079167 0.071875 0.0375
0 0.414844 0.101042 0.085938 0.064583
0 0.388281 0.126042 0.067188 0.077083
0 0.394531 0.165625 0.082812 0.127083
0 0.442969 0.134375 0.107812 0.085417
0 0.463281 0.088542 0.123438 0.05625
0 0.489844 0.123958 0.148438 0.110417
0 0.449219 0.195833 0.117188 0.1375
0 0.501223 0.626987 0.11807 0.091475
0 0.439753 0.682663 0.079505 0.106992
0 0.424296 0.642952 0.070467 0.090071
0 0.452722 0.585471 0.089819 0.062608
0 0.56823 0.333235 0.070835 0.083136
0 0.537897 0.352865 0.053919 0.101563
0 0.561476 0.378347 0.072952 0.123361
0 0.538896 0.389771 0.068417 0.150375
0 0.213931 0.126761 0.152862 0.049354
0 0.181936 0.14271 0.132621 0.060419
0 0.23025 0.233716 0.157376 0.113265
0 0.151333 0.285621 0.121416 0.162909
0 0.201336 0.289327 0.133923 0.145321
0 0.183142 0.257544 0.128783 0.131754
0 0.176094 0.212066 0.133437 0.107466
0 0.254026 0.200161 0.189301 0.104489
0 0.299215 0.275356 0.207806 0.142379
0 0.335733 0.304479 0.240216 0.171458
0 0.274953 0.238438 0.190532 0.118542
0 0.264917 0.265323 0.18296 0.134813
0 0.225231 0.257462 0.147337 0.123256
0 0.230453 0.282437 0.154656 0.14404
0 0.253317 0.302432 0.17226 0.15903
0 0.28085 0.309913 0.192951 0.16566
0 0.201359 0.319104 0.155844 0.184042
0 0.759375 0.126042 0.153125 0.08125
0 0.675781 0.158333 0.101562 0.0875
0 0.708594 0.20625 0.126562 0.133333
0 0.69375 0.2625 0.109375 0.1625
0 0.663281 0.233333 0.092188 0.1375
0 0.595312 0.248958 0.04375 0.152083
0 0.646094 0.303125 0.082812 0.185417
0 0.480469 0.792708 0.048438 0.097917
0 0.418337 0.426704 0.04605 0.111741
0 0.703906 0.330208 0.070312 0.102083
