0 0.641639 0.355528 0.083277 0.086056
0 0.608953 0.375601 0.061656 0.101202
0 0.615849 0.337682 0.066073 0.075364
0 0.599649 0.322771 0.049298 0.058043
0 0.657131 0.904672 0.051762 0.138511
0 0.678162 0.816163 0.071949 0.086493
0 0.633495 0.842279 0.03574 0.092891
0 0.822656 0.884375 0.042188 0.114583
0 0.895665 0.859581 0.075705 0.077495
0 0.304929 0.935502 0.050482 0.104338
0 0.416959 0.635923 0.049543 0.084346
0 0.899219 0.184375 0.048438 0.072917
0 0.512245 0.807043 0.061991 0.10992
0 0.390288 0.232836 0.064951 0.086506
0 0.41025 0.284378 0.073625 0.114589
0 0.444251 0.301484 0.094752 0.123802
0 0.439837 0.226654 0.095299 0.078308
0 0.190625 0.3375 0.08125 0.1
0 0.24375 0.4375 0.109375 0.15
0 0.173438 0.470833 0.075 0.166667
0 0.214844 0.530208 0.085938 0.189583
0 0.227344 0.567708 0.098438 0.222917
0 0.914062 0.782292 0.08125 0.072917
0 0.092745 0.734005 0.060491 0.105511
0 0.080324 0.691255 0.048148 0.07001
0 0.070838 0.719177 0.041676 0.088354
0 0.078125 0.496875 0.05625 0.060417
0 0.11875 0.55625 0.0875 0.104167
0 0.053125 0.560417 0.046875 0.1125
0 0.06875 0.604167 0.075 0.15
0 0.569252 0.223707 0.06663 0.130747
0 0.620906 0.269148 0.076187 0.121629
0 0.634556 0.257439 0.084737 0.110712
0 0.637515 0.230798 0.093781 0.103263
0 0.612323 0.227769 0.074647 0.097205
0 0.602655 0.185892 0.083434 0.08845
0 0.652745 0.199722 0.105491 0.082778
0 0.678194 0.222119 0.125138 0.098404
0 0.685438 0.173306 0.142752 0.088279
0 0.641285 0.152757 0.104444 0.059681
0 0.973438 0.46875 0.1 0.125
0 0.930469 0.409375 0.064062 0.05625
0 0.892188 0.442708 0.04375 0.085417
0 0.916406 0.488542 0.060938 0.122917
0 0.377808 0.528226 0.07124 0.064785
