0 0.901562 0.29375 0.1 0.125
0 0.858594 0.234375 0.064062 0.05625
0 0.820312 0.267708 0.04375 0.085417
0 0.844531 0.313542 0.060938 0.122917
0 0.3055 0.08054 0.057875 0.040247
0 0.953125 0.24375 0.05625 0.0625
0 0.375452 0.686393 0.047778 0.093619
0 0.250767 0.330116 0.039034 0.060232
0 0.825076 0.671189 0.056402 0.079878
0 0.853906 0.141667 0.073438 0.054167
0 0.932881 0.42639 0.050138 0.09028
0 0.434408 0.538534 0.07194 0.085402
0 0.427334 0.564436 0.060919 0.091371
0 0.420099 0.591662 0.062073 0.120825
0 0.40033 0.545264 0.050661 0.094695
0 0.381046 0.586081 0.040217 0.12633
0 0.683594 0.296875 0.060938 0.064583
0 0.655469 0.359375 0.032812 0.10625
0 0.694531 0.366667 0.064062 0.104167
0 0.490625 0.883333 0.059375 0.120833
0 0.401936 0.165584 0.075747 0.114501
0 0.464437 0.141373 0.116373 0.095246
0 0.96875 0.782292 0.0375 0.08125
0 0.196396 0.202909 0.067792 0.122485
0 0.21118 0.167824 0.06611 0.077314
0 0.57728 0.322914 0.070186 0.074994
0 0.579741 0.386637 0.075107 0.123273
0 0.54465 0.346973 0.054925 0.10228
0 0.538727 0.384765 0.061828 0.14453
0 0.107812 0.4375 0.059375 0.108333
