0 0.377357 0.104898 0.12034 0.072296
0 0.382493 0.156456 0.121237 0.104578
0 0.336911 0.199019 0.089447 0.135538
0 0.259375 0.869792 0.05625 0.060417
0 0.3 0.929167 0.0875 0.104167
0 0.234375 0.933333 0.046875 0.1125
0 0.25 0.977083 0.075 0.15
0 0.117075 0.354144 0.059151 0.145788
0 0.091777 0.288939 0.046054 0.107045
0 0.140868 0.299244 0.081737 0.119322
0 0.124078 0.248793 0.085657 0.097586
0 0.975 0.30625 0.1 0.125
0 0.932031 0.246875 0.064062 0.05625
0 0.89375 0.280208 0.04375 0.085417
0 0.917969 0.326042 0.060938 0.122917
0 0.240317 0.264784 0.071258 0.096235
0 0.610156 0.257292 0.045312 0.08125
0 0.54303 0.365884 0.057934 0.110934
0 0.548347 0.308477 0.056069 0.066954
0 0.523254 0.326142 0.040258 0.077284
0 0.467188 0.519792 0.09375 0.072917
0 0.519531 0.583333 0.117188 0.129167
0 0.490625 0.596875 0.096875 0.114583
0 0.413281 0.580208 0.060938 0.147917
0 0.479688 0.661458 0.0875 0.160417
0 0.453125 0.711458 0.090625 0.202083
0 0.748438 0.574103 0.071875 0.098205
0 0.840625 0.941667 0.059375 0.120833
0 0.43643 0.353247 0.097861 0.043995
0 0.408105 0.368914 0.08496 0.058661
0 0.392863 0.40493 0.070101 0.076528
0 0.407161 0.451173 0.079947 0.114846
0 0.380118 0.439885 0.053986 0.100603
0 0.348641 0.431084 0.037908 0.095501
0 0.207031 0.176042 0.048438 0.060417
0 0.063311 0.632447 0.085998 0.148226
0 0.120591 0.582744 0.109933 0.107154
0 0.184951 0.59343 0.141777 0.09936
0 0.254214 0.611728 0.199052 0.119289
0 0.255128 0.65236 0.194632 0.142221
0 0.221687 0.624919 0.162124 0.116504
0 0.176811 0.638302 0.137996 0.126604
0 0.138943 0.652761 0.109135 0.143022
0 0.156953 0.689612 0.129531 0.175057
0 0.200444 0.710547 0.160263 0.18776
0 0.209938 0.664724 0.15425 0.141948
0 0.719459 0.317271 0.029542 0.080376
0 0.737479 0.32064 0.037458 0.06628
0 0.752287 0.299799 0.054573 0.062099
0 0.74946 0.381171 0.048919 0.133176
0 0.779491 0.380156 0.074607 0.131145
0 0.654688 0.542708 0.084375 0.139583
0 0.353125 0.741667 0.05625 0.0625
