0 0.358549 0.77202 0.095224 0.077374
0 0.345312 0.825319 0.071874 0.096472
0 0.355442 0.882239 0.08901 0.143645
0 0.381865 0.871478 0.09498 0.122123
0 0.38515 0.830872 0.10155 0.103411
0 0.635938 0.783333 0.05625 0.066667
0 0.865378 0.392151 0.062006 0.196801
0 0.915984 0.384012 0.088218 0.176356
0 0.899446 0.308181 0.080143 0.133028
0 0.934766 0.315382 0.091406 0.114098
0 0.950115 0.301999 0.106479 0.112331
0 0.183257 0.912447 0.05714 0.058228
0 0.367969 0.330208 0.167188 0.09375
0 0.291406 0.290625 0.132812 0.052083
0 0.222656 0.3125 0.082812 0.0625
0 0.282031 0.395833 0.120312 0.129167
0 0.371094 0.428125 0.170312 0.160417
0 0.307031 0.451042 0.139062 0.164583
0 0.23125 0.442708 0.0875 0.164583
0 0.207812 0.538542 0.071875 0.222917
0 0.260156 0.588542 0.110938 0.277083
0 0.335156 0.386458 0.142188 0.11875
0 0.280469 0.326042 0.104688 0.072917
0 0.319531 0.3375 0.129688 0.079167
0 0.214844 0.380208 0.067188 0.114583
0 0.693068 0.706755 0.051762 0.138511
0 0.7141 0.618246 0.071949 0.086493
0 0.669433 0.644362 0.03574 0.092891
0 0.785938 0.246875 0.084375 0.139583
0 0.577096 0.634252 0.066693 0.14767
0 0.550194 0.558101 0.053512 0.10787
0 0.960525 0.66212 0.04605 0.111741
0 0.690953 0.269034 0.116281 0.188067
0 0.706929 0.216183 0.129483 0.157366
0 0.661896 0.168604 0.105042 0.137207
0 0.590313 0.171551 0.058751 0.147268
0 0.657631 0.086178 0.084013 0.051522
0 0.143277 0.216251 0.06468 0.136668
0 0.131846 0.20898 0.051193 0.117959
0 0.113227 0.199699 0.045204 0.124398
0 0.130352 0.148464 0.057578 0.096928
0 0.104455 0.119886 0.043285 0.081438
0 0.095345 0.684367 0.07194 0.085402
0 0.088272 0.710269 0.060919 0.091371
0 0.081037 0.737496 0.062073 0.120825
0 0.061268 0.691098 0.050661 0.094695
0 0.041983 0.731915 0.040217 0.12633
0 0.498523 0.293877 0.143921 0.096087
0 0.46709 0.272473 0.099806 0.04078
0 0.452718 0.285587 0.08981 0.046174
0 0.441712 0.305373 0.089674 0.069079
0 0.468768 0.31546 0.106287 0.072588
0 0.46471 0.34349 0.11692 0.111981
0 0.422455 0.336563 0.079285 0.089792
0 0.39579 0.309785 0.063455 0.073736
0 0.376255 0.342669 0.061885 0.118671
0 0.425105 0.381115 0.087711 0.128896
0 0.466406 0.886458 0.085938 0.11875
0 0.594531 0.836458 0.167188 0.110417
0 0.520312 0.969792 0.11875 0.164583
0 0.442932 0.181258 0.085864 0.13335
0 0.44694 0.152426 0.075131 0.096519
0 0.469353 0.117015 0.098081 0.08403
0 0.484012 0.140771 0.09615 0.085708
0 0.476292 0.164153 0.096334 0.107474
0 0.923438 0.826042 0.121875 0.122917
0 0.896875 0.865625 0.09375 0.135417
0 0.866406 0.840625 0.076562 0.127083
0 0.820312 0.744792 0.059375 0.085417
0 0.878125 0.895833 0.084375 0.1625
