0 0.447656 0.59375 0.048438 0.083333
0 0.64375 0.48125 0.08125 0.045833
0 0.595312 0.490625 0.046875 0.05625
0 0.628125 0.528125 0.06875 0.08125
0 0.621875 0.571875 0.059375 0.102083
0 0.334343 0.175039 0.07181 0.079245
0 0.321601 0.230936 0.068202 0.124373
0 0.571749 0.089338 0.040372 0.062009
0 0.172656 0.68125 0.042188 0.083333
0 0.385119 0.835425 0.085864 0.13335
0 0.389128 0.806593 0.075131 0.096519
0 0.41154 0.771181 0.098081 0.08403
0 0.4262 0.794937 0.09615 0.085708
0 0.418479 0.81832 0.096334 0.107474
0 0.829688 0.063542 0.0375 0.08125
0 0.902175 0.895443 0.20435 0.232554
0 0.880029 0.952383 0.191308 0.271433
0 0.861499 0.889919 0.169873 0.225672
0 0.839139 0.910054 0.153277 0.232608
0 0.825954 0.832377 0.148783 0.185587
0 0.80265 0.910318 0.133425 0.233135
0 0.802277 0.874658 0.120178 0.19515
0 0.774014 0.867392 0.107402 0.188951
0 0.754769 0.937688 0.097039 0.242042
0 0.762149 0.90502 0.102424 0.218374
0 0.792369 0.824145 0.119113 0.16079
0 0.754496 0.74979 0.105867 0.141247
0 0.760333 0.796937 0.09879 0.143874
0 0.763931 0.829836 0.102861 0.163838
0 0.735377 0.864663 0.080128 0.195993
0 0.73583 0.817668 0.081036 0.156169
0 0.713493 0.79389 0.064486 0.137781
0 0.70195 0.83517 0.06015 0.174506
0 0.705267 0.906563 0.063658 0.225626
0 0.698942 0.947986 0.066633 0.262639
0 0.67422 0.854442 0.048439 0.204716
0 0.680281 0.789761 0.048062 0.146188
0 0.065378 0.796317 0.062006 0.196801
0 0.115984 0.788178 0.088218 0.176356
0 0.099446 0.712347 0.080143 0.133028
0 0.134766 0.719549 0.091406 0.114098
0 0.150115 0.706166 0.106479 0.112331
0 0.463352 0.27015 0.082955 0.081966
0 0.5042 0.260454 0.105275 0.070907
0 0.448314 0.30144 0.068504 0.098713
0 0.502744 0.320979 0.102363 0.108624
0 0.544617 0.30833 0.132984 0.104159
0 0.507606 0.287525 0.105836 0.08755
0 0.483524 0.293548 0.085798 0.087096
0 0.473438 0.319313 0.084375 0.10946
0 0.442502 0.340919 0.066254 0.127672
0 0.494567 0.351647 0.107884 0.140793
0 0.538773 0.27512 0.13067 0.083574
0 0.181813 0.550478 0.088625 0.217623
0 0.211432 0.462588 0.100988 0.141843
0 0.15456 0.451971 0.071621 0.133108
0 0.180819 0.403475 0.074137 0.08195
0 0.18433 0.360191 0.08116 0.062049
0 0.650781 0.311458 0.039062 0.110417
0 0.696094 0.263542 0.073438 0.089583
0 0.686719 0.355208 0.060938 0.139583
0 0.806319 0.22014 0.050138 0.09028
0 0.671328 0.118426 0.133282 0.153518
0 0.749219 0.394792 0.048438 0.060417
0 0.835393 0.53106 0.052036 0.11212
0 0.870744 0.469129 0.066489 0.071592
0 0.829578 0.466766 0.043532 0.062699
