0 0.433346 0.686335 0.066693 0.14767
0 0.406444 0.610185 0.053512 0.10787
0 0.78658 0.48489 0.076284 0.086446
0 0.816997 0.524077 0.080869 0.093987
0 0.79781 0.544503 0.073746 0.114005
0 0.779276 0.525416 0.064802 0.105
0 0.669425 0.178535 0.073225 0.098736
0 0.623689 0.207872 0.047378 0.128244
0 0.642838 0.133998 0.054426 0.067996
0 0.343792 0.307164 0.075084 0.068495
0 0.937122 0.519236 0.067994 0.088472
0 0.464844 0.417708 0.032812 0.052083
0 0.483594 0.444792 0.048438 0.077083
0 0.519531 0.463542 0.067188 0.085417
0 0.564062 0.4375 0.103125 0.066667
0 0.555469 0.48125 0.092188 0.0875
0 0.550781 0.516667 0.089062 0.116667
0 0.33903 0.110456 0.07181 0.079245
0 0.326289 0.166353 0.068202 0.124373
0 0.820312 0.773958 0.05625 0.060417
0 0.860938 0.833333 0.0875 0.104167
0 0.795312 0.8375 0.046875 0.1125
0 0.810938 0.88125 0.075 0.15
0 0.528792 0.895565 0.057584 0.082797
0 0.684749 0.688501 0.075747 0.114501
0 0.747249 0.66429 0.116373 0.095246
0 0.073505 0.790524 0.04701 0.135216
0 0.123392 0.7379 0.068659 0.117467
0 0.14918 0.814924 0.08586 0.196515
0 0.132974 0.954333 0.075323 0.237833
0 0.181218 0.755232 0.109312 0.127131
0 0.891557 0.367474 0.04249 0.130782
0 0.224219 0.767708 0.089062 0.060417
0 0.263281 0.834375 0.107812 0.110417
0 0.347656 0.8375 0.148438 0.133333
0 0.412952 0.794726 0.047778 0.093619
0 0.602344 0.794792 0.135938 0.097917
0 0.488281 0.759375 0.064062 0.08125
0 0.483594 0.8375 0.060938 0.108333
0 0.553906 0.811458 0.095312 0.11875
0 0.876562 0.632292 0.034375 0.08125
