0 0.160156 0.769792 0.104688 0.06875
0 0.205469 0.809375 0.135938 0.102083
0 0.170312 0.892708 0.115625 0.172917
0 0.078906 0.945833 0.051562 0.220833
0 0.205469 1.019792 0.123438 0.222917
0 0.879688 0.513686 0.071875 0.098205
0 0.417969 0.809375 0.054688 0.097917
0 0.231987 0.255354 0.095224 0.077374
0 0.218749 0.308653 0.071874 0.096472
0 0.22888 0.365573 0.08901 0.143645
0 0.255303 0.354811 0.09498 0.122123
0 0.258587 0.314205 0.10155 0.103411
0 0.48013 0.381333 0.129009 0.075165
0 0.439017 0.364763 0.099908 0.06286
0 0.492327 0.416133 0.122153 0.086434
0 0.49166 0.432096 0.120819 0.097525
0 0.46226 0.400778 0.112019 0.08489
0 0.436132 0.416535 0.100389 0.099736
0 0.466086 0.439755 0.122798 0.117011
0 0.428566 0.385312 0.085257 0.070624
0 0.645312 0.276042 0.0375 0.13125
0 0.638321 0.40555 0.101642 0.069433
0 0.58232 0.410216 0.04589 0.066266
0 0.602876 0.438582 0.068252 0.089664
0 0.654155 0.454067 0.111436 0.103968
0 0.279167 0.906186 0.042709 0.049871
0 0.302071 0.916024 0.063517 0.061214
0 0.322895 0.946028 0.073915 0.07539
0 0.31806 0.993108 0.070495 0.111216
0 0.343979 0.976582 0.081709 0.094831
0 0.36745 0.964811 0.100525 0.087956
0 0.310938 0.610417 0.059375 0.120833
0 0.104561 0.656005 0.040372 0.062009
0 0.800605 0.234323 0.035585 0.085313
0 0.986266 0.2732 0.116281 0.188067
0 1.002241 0.22035 0.129483 0.157366
0 0.957208 0.17277 0.105042 0.137207
0 0.885626 0.175717 0.058751 0.147268
0 0.952944 0.090344 0.084013 0.051522
0 0.71179 0.618066 0.082955 0.081966
0 0.752638 0.60837 0.105275 0.070907
0 0.696752 0.649356 0.068504 0.098713
0 0.751182 0.668895 0.102363 0.108624
0 0.793054 0.656246 0.132984 0.104159
0 0.756043 0.635442 0.105836 0.08755
0 0.731961 0.641464 0.085798 0.087096
0 0.721875 0.66723 0.084375 0.10946
0 0.690939 0.688836 0.066254 0.127672
0 0.743005 0.699563 0.107884 0.140793
0 0.78721 0.623037 0.13067 0.083574
0 0.505469 0.657292 0.042188 0.13125
0 0.459868 0.530331 0.097861 0.043995
0 0.431543 0.545997 0.08496 0.058661
0 0.4163 0.582014 0.070101 0.076528
0 0.430599 0.628256 0.079947 0.114846
0 0.403556 0.616968 0.053986 0.100603
0 0.372079 0.608167 0.037908 0.095501
0 0.63125 0.161458 0.153125 0.08125
0 0.547656 0.19375 0.101562 0.0875
0 0.580469 0.241667 0.126562 0.133333
0 0.565625 0.297917 0.109375 0.1625
0 0.535156 0.26875 0.092188 0.1375
0 0.467188 0.284375 0.04375 0.152083
0 0.517969 0.338542 0.082812 0.185417
