0 0.177375 0.64304 0.057875 0.040247
0 0.143199 0.472578 0.073898 0.086823
0 0.137457 0.50222 0.059289 0.091941
0 0.145997 0.516825 0.070118 0.108649
0 0.177996 0.52913 0.105993 0.137426
0 0.124524 0.515512 0.055297 0.106023
0 0.094531 0.115625 0.039062 0.05625
0 0.510196 0.326383 0.101642 0.069433
0 0.454195 0.33105 0.04589 0.066266
0 0.474751 0.359415 0.068252 0.089664
0 0.52603 0.374901 0.111436 0.103968
0 0.721875 0.205208 0.0375 0.13125
0 0.769531 0.502083 0.079688 0.083333
0 0.736719 0.565625 0.057812 0.13125
0 0.799219 0.584375 0.101562 0.122917
0 0.799219 0.633333 0.095312 0.154167
0 0.866406 0.617708 0.142188 0.152083
0 0.820312 0.692708 0.10625 0.20625
0 0.858594 0.692708 0.126562 0.18125
0 0.882031 0.730208 0.135938 0.222917
0 0.832031 0.794792 0.107812 0.26875
0 0.855469 0.765625 0.120312 0.252083
0 0.90625 0.679167 0.153125 0.1875
0 0.966406 0.707292 0.217188 0.21875
0 0.944531 0.722917 0.179688 0.216667
0 0.917969 0.728125 0.157812 0.227083
0 0.899219 0.805208 0.157812 0.264583
0 0.942969 0.779167 0.176562 0.254167
0 0.975781 0.809375 0.198438 0.26875
0 0.942969 0.847917 0.182812 0.3
0 0.880469 0.871875 0.145312 0.314583
0 0.844531 0.89375 0.126562 0.341667
0 0.930469 0.902083 0.189062 0.341667
0 0.990625 0.863542 0.215625 0.314583
0 0.48125 0.66875 0.19375 0.083333
0 0.514062 0.732292 0.215625 0.13125
0 0.45 0.751042 0.175 0.122917
0 0.454688 0.8 0.171875 0.154167
0 0.385938 0.784375 0.128125 0.152083
0 0.435938 0.859375 0.15625 0.20625
0 0.401562 0.859375 0.128125 0.18125
0 0.382812 0.896875 0.109375 0.222917
0 0.428906 0.961458 0.145312 0.26875
0 0.407812 0.932292 0.128125 0.252083
0 0.357812 0.845833 0.09375 0.1875
0 0.279688 0.873958 0.065625 0.21875
0 0.31875 0.889583 0.06875 0.216667
0 0.348438 0.894792 0.084375 0.227083
0 0.357812 0.971875 0.103125 0.264583
0 0.321875 0.945833 0.06875 0.254167
0 0.289062 0.976042 0.046875 0.26875
0 0.317188 1.014583 0.071875 0.3
0 0.376562 1.038542 0.115625 0.314583
0 0.408594 1.060417 0.142188 0.341667
0 0.31875 1.06875 0.0875 0.341667
0 0.26875 1.030208 0.040625 0.314583
0 0.353906 0.217708 0.054688 0.085417
0 0.624901 0.302349 0.134176 0.154697
0 0.892188 0.130208 0.05625 0.060417
0 0.932812 0.189583 0.0875 0.104167
0 0.867188 0.19375 0.046875 0.1125
0 0.882812 0.2375 0.075 0.15
0 0.689062 0.923958 0.10625 0.097917
0 0.64375 0.860417 0.078125 0.058333
0 0.589665 0.506442 0.110579 0.137885
0 0.654688 0.7625 0.1 0.125
0 0.611719 0.703125 0.064062 0.05625
0 0.573438 0.736458 0.04375 0.085417
0 0.597656 0.782292 0.060938 0.122917
0 0.172731 0.910767 0.061086 0.117368
0 0.281813 0.448395 0.088625 0.217623
0 0.311432 0.360505 0.100988 0.141843
0 0.25456 0.349887 0.071621 0.133108
0 0.280819 0.301392 0.074137 0.08195
0 0.28433 0.258108 0.08116 0.062049
0 0.375781 0.332292 0.048438 0.072917
