0 0.246875 0.25625 0.05625 0.066667
0 0.899743 0.400715 0.055735 0.068096
0 0.574219 0.154167 0.064062 0.054167
0 0.547656 0.207292 0.042188 0.08125
0 0.569531 0.263542 0.064062 0.139583
0 0.735186 0.830363 0.085998 0.148226
0 0.792466 0.780661 0.109933 0.107154
0 0.856826 0.791347 0.141777 0.09936
0 0.926089 0.809645 0.199052 0.119289
0 0.927003 0.850277 0.194632 0.142221
0 0.893562 0.822836 0.162124 0.116504
0 0.848686 0.836219 0.137996 0.126604
0 0.810818 0.850678 0.109135 0.143022
0 0.828828 0.887528 0.129531 0.175057
0 0.872319 0.908463 0.160263 0.18776
0 0.881813 0.862641 0.15425 0.141948
0 0.579141 0.447593 0.133282 0.153518
0 0.15383 0.957047 0.042036 0.126593
0 0.190757 0.961008 0.069014 0.134516
0 0.167507 0.897351 0.056888 0.098869
0 0.188692 0.886525 0.080509 0.110549
0 0.48353 0.222914 0.070186 0.074994
0 0.485991 0.286637 0.075107 0.123273
0 0.4509 0.246973 0.054925 0.10228
0 0.444977 0.284765 0.061828 0.14453
0 0.36462 0.267339 0.060491 0.105511
0 0.352199 0.224588 0.048148 0.07001
0 0.342713 0.25251 0.041676 0.088354
0 0.432686 0.683088 0.040372 0.062009
0 0.903499 0.186417 0.075747 0.114501
0 0.965999 0.162207 0.116373 0.095246
0 0.053602 0.214166 0.038453 0.082499
0 0.310938 0.471875 0.08125 0.085417
0 0.29375 0.538542 0.05 0.11875
0 0.091406 0.378125 0.089062 0.060417
0 0.130469 0.444792 0.107812 0.110417
0 0.214844 0.447917 0.148438 0.133333
0 0.916406 0.285417 0.042188 0.083333
0 0.139995 0.159141 0.04249 0.130782
0 0.141439 0.812498 0.076628 0.22083
0 0.110419 0.742356 0.058337 0.155546
0 0.127379 0.679849 0.079758 0.118032
0 0.179946 0.69353 0.097392 0.120394
0 0.096631 0.632513 0.049512 0.08586
