0 0.912785 0.928158 0.063069 0.118815
0 0.340285 0.287404 0.11807 0.091475
0 0.278815 0.343079 0.079505 0.106992
0 0.263358 0.303369 0.070467 0.090071
0 0.291785 0.245887 0.089819 0.062608
0 0.169564 0.499998 0.076628 0.22083
0 0.138544 0.429856 0.058337 0.155546
0 0.155504 0.367349 0.079758 0.118032
0 0.208071 0.38103 0.097392 0.120394
0 0.124756 0.320013 0.049512 0.08586
0 0.936434 0.594249 0.063494 0.092665
0 0.92105 0.665501 0.057725 0.151835
0 0.064844 0.596875 0.042188 0.13125
0 0.216445 0.615243 0.051639 0.10132
0 0.739844 0.728125 0.042188 0.114583
0 0.635012 0.255575 0.095025 0.119483
0 0.595524 0.240788 0.062922 0.102409
0 0.57853 0.20196 0.05081 0.074754
0 0.637277 0.196437 0.093304 0.076208
0 0.757031 0.220833 0.042188 0.083333
0 0.842969 0.577083 0.064062 0.054167
0 0.816406 0.630208 0.042188 0.08125
0 0.838281 0.686458 0.064062 0.139583
0 0.232264 0.913861 0.083277 0.086056
0 0.199578 0.933934 0.061656 0.101202
0 0.206474 0.896015 0.066073 0.075364
0 0.190274 0.881105 0.049298 0.058043
0 0.615625 0.691667 0.08125 0.045833
0 0.567188 0.701042 0.046875 0.05625
0 0.6 0.738542 0.06875 0.08125
0 0.59375 0.782292 0.059375 0.102083
0 0.121875 0.741667 0.059375 0.120833
0 0.402578 0.858009 0.133282 0.153518
0 0.096917 0.159248 0.075084 0.068495
0 0.531862 0.657943 0.20435 0.232554
0 0.509717 0.714883 0.191308 0.271433
0 0.491187 0.652419 0.169873 0.225672
0 0.468826 0.672554 0.153277 0.232608
0 0.455641 0.594877 0.148783 0.185587
0 0.432337 0.672818 0.133425 0.233135
0 0.431964 0.637158 0.120178 0.19515
0 0.403701 0.629892 0.107402 0.188951
0 0.384457 0.700188 0.097039 0.242042
0 0.391837 0.66752 0.102424 0.218374
0 0.422056 0.586645 0.119113 0.16079
0 0.384183 0.51229 0.105867 0.141247
0 0.39002 0.559437 0.09879 0.143874
0 0.393618 0.592336 0.102861 0.163838
0 0.365064 0.627163 0.080128 0.195993
0 0.365518 0.580168 0.081036 0.156169
0 0.343181 0.55639 0.064486 0.137781
0 0.331637 0.59767 0.06015 0.174506
0 0.334954 0.669063 0.063658 0.225626
0 0.328629 0.710486 0.066633 0.262639
0 0.303907 0.616942 0.048439 0.204716
0 0.309969 0.552261 0.048062 0.146188
