0 0.206389 0.795262 0.100277 0.115523
0 0.159971 0.780643 0.051191 0.090452
0 0.166368 0.735488 0.060862 0.066809
0 0.199689 0.741387 0.086878 0.074442
0 0.699182 0.808342 0.085864 0.13335
0 0.70319 0.779509 0.075131 0.096519
0 0.725603 0.744098 0.098081 0.08403
0 0.740262 0.767854 0.09615 0.085708
0 0.732542 0.791237 0.096334 0.107474
0 0.120312 0.180208 0.05625 0.060417
0 0.160938 0.239583 0.0875 0.104167
0 0.095312 0.24375 0.046875 0.1125
0 0.110938 0.2875 0.075 0.15
0 0.740119 0.10687 0.058364 0.059573
0 0.376245 0.938643 0.07124 0.064785
0 0.454688 0.463542 0.08125 0.085417
0 0.4375 0.530208 0.05 0.11875
0 0.916406 0.633333 0.114062 0.170833
0 0.957812 0.594792 0.1375 0.139583
0 0.876562 0.630208 0.084375 0.164583
0 0.901562 0.540625 0.096875 0.102083
0 0.942188 0.495833 0.13125 0.070833
0 0.935156 0.565625 0.120312 0.11875
0 0.913281 0.596875 0.101562 0.135417
0 0.879688 0.579167 0.084375 0.129167
0 0.832812 0.597917 0.059375 0.141667
0 0.861719 0.508333 0.079688 0.095833
0 0.96875 0.532292 0.146875 0.102083
0 0.363562 0.779034 0.05525 0.066401
0 0.366804 0.189483 0.083609 0.066465
0 0.825 0.138542 0.08125 0.072917
0 0.768638 0.393727 0.059151 0.145788
0 0.743339 0.328522 0.046054 0.107045
0 0.792431 0.338828 0.081737 0.119322
0 0.775641 0.288376 0.085657 0.097586
0 0.861542 0.753073 0.035585 0.085313
0 0.238137 0.513908 0.095025 0.119483
0 0.198649 0.499121 0.062922 0.102409
0 0.181655 0.460294 0.05081 0.074754
0 0.240402 0.454771 0.093304 0.076208
0 0.7053 0.31211 0.20435 0.232554
0 0.683154 0.36905 0.191308 0.271433
0 0.664624 0.306586 0.169873 0.225672
0 0.642264 0.326721 0.153277 0.232608
0 0.629079 0.249043 0.148783 0.185587
0 0.605775 0.326984 0.133425 0.233135
0 0.605402 0.291325 0.120178 0.19515
0 0.577139 0.284059 0.107402 0.188951
0 0.557894 0.354355 0.097039 0.242042
0 0.565274 0.321687 0.102424 0.218374
0 0.595494 0.240812 0.119113 0.16079
0 0.557621 0.166457 0.105867 0.141247
0 0.563458 0.213604 0.09879 0.143874
0 0.567056 0.246503 0.102861 0.163838
0 0.538502 0.28133 0.080128 0.195993
0 0.538955 0.234334 0.081036 0.156169
0 0.516618 0.210557 0.064486 0.137781
0 0.505075 0.251836 0.06015 0.174506
0 0.508392 0.32323 0.063658 0.225626
0 0.502067 0.364653 0.066633 0.262639
0 0.477345 0.271108 0.048439 0.204716
0 0.483406 0.206428 0.048062 0.146188
0 0.62787 0.602877 0.061991 0.10992
0 0.211612 0.909785 0.073225 0.098736
0 0.165876 0.939122 0.047378 0.128244
0 0.185026 0.865248 0.054426 0.067996
