0 0.204756 0.265973 0.050138 0.09028
0 0.172656 0.926042 0.085938 0.11875
0 0.300781 0.876042 0.167188 0.110417
0 0.226562 1.009375 0.11875 0.164583
0 0.569531 0.426042 0.048438 0.060417
0 0.8324 0.166287 0.04605 0.111741
0 0.353125 0.275 0.059375 0.108333
0 0.394531 0.459375 0.039062 0.110417
0 0.439844 0.411458 0.073438 0.089583
0 0.430469 0.503125 0.060938 0.139583
0 0.392188 0.592708 0.053125 0.04375
0 0.672656 0.104167 0.064062 0.054167
0 0.646094 0.157292 0.042188 0.08125
0 0.667969 0.213542 0.064062 0.139583
0 0.728906 0.482292 0.114062 0.035417
0 0.721094 0.522917 0.110938 0.066667
0 0.723438 0.571875 0.109375 0.09375
0 0.739062 0.611458 0.115625 0.127083
0 0.699219 0.611458 0.085938 0.127083
0 0.667969 0.573958 0.067188 0.102083
0 0.65625 0.529167 0.0625 0.070833
0 0.619531 0.583333 0.039062 0.120833
0 0.654688 0.611458 0.059375 0.127083
0 0.624219 0.63125 0.042188 0.141667
0 0.6875 0.669792 0.096875 0.172917
0 0.114486 0.713614 0.072721 0.064728
0 0.84587 0.423589 0.060491 0.105511
0 0.833449 0.380838 0.048148 0.07001
0 0.823963 0.40876 0.041676 0.088354
0 0.713058 0.407147 0.051117 0.09346
0 0.543651 0.296099 0.134176 0.154697
0 0.353577 0.084309 0.047778 0.093619
0 0.111646 0.363104 0.029542 0.080376
0 0.129666 0.366473 0.037458 0.06628
0 0.144474 0.345633 0.054573 0.062099
0 0.141647 0.427005 0.048919 0.133176
0 0.171679 0.425989 0.074607 0.131145
0 0.617969 0.907292 0.042188 0.114583
