0 0.508804 0.168433 0.064484 0.091034
0 0.868624 0.668505 0.040372 0.062009
0 0.648904 0.52768 0.085308 0.072028
0 0.629308 0.571457 0.074241 0.101248
0 0.614806 0.533253 0.063988 0.07484
0 0.589165 0.534618 0.04083 0.069236
0 0.300781 0.423958 0.070312 0.102083
0 0.746132 0.627743 0.051639 0.10132
0 0.19929 0.568066 0.082955 0.081966
0 0.240138 0.55837 0.105275 0.070907
0 0.184252 0.599356 0.068504 0.098713
0 0.238682 0.618895 0.102363 0.108624
0 0.280554 0.606246 0.132984 0.104159
0 0.243543 0.585442 0.105836 0.08755
0 0.219461 0.591464 0.085798 0.087096
0 0.209375 0.61723 0.084375 0.10946
0 0.178439 0.638836 0.066254 0.127672
0 0.230505 0.649563 0.107884 0.140793
0 0.27471 0.573037 0.13067 0.083574
0 0.619531 0.323958 0.042188 0.13125
0 0.620719 0.780748 0.053938 0.103163
0 0.668364 0.722397 0.089852 0.069794
0 0.44756 0.427588 0.07637 0.109343
0 0.428428 0.417699 0.056855 0.089565
0 0.422337 0.441678 0.063424 0.125023
0 0.410422 0.408594 0.04897 0.092189
0 0.397707 0.421857 0.039164 0.09788
0 0.884487 0.401975 0.072098 0.12895
0 0.844233 0.369437 0.050966 0.118041
0 0.125795 0.354898 0.12034 0.072296
0 0.130931 0.406456 0.121237 0.104578
0 0.085348 0.449019 0.089447 0.135538
0 0.092729 0.197517 0.063582 0.0867
0 0.1409 0.203915 0.091176 0.082831
0 0.16589 0.239583 0.10678 0.104165
0 0.105716 0.261704 0.070807 0.123407
0 0.078906 0.630208 0.048438 0.072917
0 0.863281 0.20625 0.048438 0.083333
0 0.35 0.284375 0.10625 0.097917
0 0.304688 0.220833 0.078125 0.058333
0 0.496875 0.789583 0.04375 0.045833
0 0.492969 0.857292 0.035938 0.085417
0 0.525781 0.863542 0.064062 0.110417
0 0.490625 0.903125 0.0375 0.122917
0 0.510156 0.951042 0.051562 0.152083
