0 0.428125 0.544792 0.096875 0.135417
0 0.338314 0.268748 0.076628 0.22083
0 0.307294 0.198606 0.058337 0.155546
0 0.324254 0.136099 0.079758 0.118032
0 0.376821 0.14978 0.097392 0.120394
0 0.293506 0.088763 0.049512 0.08586
0 0.229804 0.285725 0.093983 0.083949
0 0.250916 0.328576 0.111207 0.115485
0 0.229376 0.333701 0.086878 0.104902
0 0.204056 0.320301 0.076862 0.10727
0 0.210519 0.372629 0.086662 0.141091
0 0.18682 0.405999 0.07989 0.166164
0 0.149874 0.110171 0.040372 0.062009
0 0.864737 0.847285 0.073225 0.098736
0 0.819001 0.876622 0.047378 0.128244
0 0.838151 0.802748 0.054426 0.067996
0 0.789486 0.417781 0.072721 0.064728
0 0.615625 0.738542 0.05625 0.060417
0 0.65625 0.797917 0.0875 0.104167
0 0.590625 0.802083 0.046875 0.1125
0 0.60625 0.845833 0.075 0.15
0 0.453906 0.740625 0.114062 0.035417
0 0.446094 0.78125 0.110938 0.066667
0 0.448438 0.830208 0.109375 0.09375
0 0.464062 0.869792 0.115625 0.127083
0 0.424219 0.869792 0.085938 0.127083
0 0.392969 0.832292 0.067188 0.102083
0 0.38125 0.7875 0.0625 0.070833
0 0.344531 0.841667 0.039062 0.120833
0 0.379688 0.869792 0.059375 0.127083
0 0.349219 0.889583 0.042188 0.141667
0 0.4125 0.928125 0.096875 0.172917
0 0.736266 0.487784 0.116281 0.188067
0 0.752241 0.434933 0.129483 0.157366
0 0.707208 0.387354 0.105042 0.137207
0 0.635626 0.390301 0.058751 0.147268
0 0.702944 0.304928 0.084013 0.051522
0 0.164062 0.665625 0.053125 0.139583
0 0.273438 0.864583 0.05625 0.066667
0 0.069531 0.669792 0.042188 0.13125
0 0.427785 0.381154 0.11807 0.091475
0 0.366315 0.436829 0.079505 0.106992
0 0.350858 0.397119 0.070467 0.090071
0 0.379285 0.339637 0.089819 0.062608
0 0.25811 0.613128 0.069346 0.09709
0 0.519392 0.36614 0.076284 0.086446
0 0.54981 0.405327 0.080869 0.093987
0 0.530623 0.425753 0.073746 0.114005
0 0.512088 0.406666 0.064802 0.105
0 0.576562 0.607292 0.08125 0.085417
0 0.559375 0.673958 0.05 0.11875
