0 0.319531 0.894792 0.054688 0.085417
0 0.725 0.313542 0.0375 0.13125
0 0.828717 0.543211 0.04806 0.069756
0 0.126562 0.5875 0.05625 0.066667
0 0.926562 0.304167 0.08125 0.045833
0 0.878125 0.313542 0.046875 0.05625
0 0.910938 0.351042 0.06875 0.08125
0 0.904688 0.394792 0.059375 0.102083
0 0.377857 0.427748 0.099464 0.10133
0 0.439499 0.509654 0.147749 0.165141
0 0.44217 0.419424 0.137465 0.088849
0 0.227007 0.145781 0.05714 0.058228
0 0.491879 0.102284 0.071258 0.096235
0 0.56753 0.143973 0.072559 0.062946
0 0.253683 0.942563 0.051117 0.09346
0 0.150477 0.237083 0.038453 0.082499
0 0.578906 0.433333 0.079688 0.083333
0 0.546094 0.496875 0.057812 0.13125
0 0.608594 0.515625 0.101562 0.122917
0 0.608594 0.564583 0.095312 0.154167
0 0.675781 0.548958 0.142188 0.152083
0 0.629688 0.623958 0.10625 0.20625
0 0.667969 0.623958 0.126562 0.18125
0 0.691406 0.661458 0.135938 0.222917
0 0.641406 0.726042 0.107812 0.26875
0 0.664844 0.696875 0.120312 0.252083
0 0.715625 0.610417 0.153125 0.1875
0 0.775781 0.638542 0.217188 0.21875
0 0.753906 0.654167 0.179688 0.216667
0 0.727344 0.659375 0.157812 0.227083
0 0.708594 0.736458 0.157812 0.264583
0 0.752344 0.710417 0.176562 0.254167
0 0.785156 0.740625 0.198438 0.26875
0 0.752344 0.779167 0.182812 0.3
0 0.689844 0.803125 0.145312 0.314583
0 0.653906 0.825 0.126562 0.341667
0 0.739844 0.833333 0.189062 0.341667
0 0.8 0.794792 0.215625 0.314583
0 0.417188 0.642708 0.053125 0.139583
0 0.584487 0.941559 0.072098 0.12895
0 0.544233 0.909021 0.050966 0.118041
0 0.207625 0.505845 0.0465 0.103357
0 0.241921 0.545984 0.074467 0.141969
0 0.069531 0.423958 0.032812 0.052083
0 0.088281 0.451042 0.048438 0.077083
0 0.124219 0.469792 0.067188 0.085417
0 0.16875 0.44375 0.103125 0.066667
0 0.160156 0.4875 0.092188 0.0875
0 0.155469 0.522917 0.089062 0.116667
