0 0.449506 0.127683 0.086511 0.134532
0 0.274219 0.938542 0.032812 0.085417
0 0.689062 0.79375 0.08125 0.045833
0 0.640625 0.803125 0.046875 0.05625
0 0.673438 0.840625 0.06875 0.08125
0 0.667188 0.884375 0.059375 0.102083
0 0.268783 0.419784 0.07194 0.085402
0 0.261709 0.445686 0.060919 0.091371
0 0.254474 0.472912 0.062073 0.120825
0 0.234705 0.426514 0.050661 0.094695
0 0.215421 0.467331 0.040217 0.12633
0 0.403666 0.5871 0.063582 0.0867
0 0.451838 0.593499 0.091176 0.082831
0 0.476827 0.629166 0.10678 0.104165
0 0.416653 0.651287 0.070807 0.123407
0 0.1 0.697917 0.08125 0.1
0 0.153125 0.797917 0.109375 0.15
0 0.082812 0.83125 0.075 0.166667
0 0.124219 0.890625 0.085938 0.189583
0 0.136719 0.928125 0.098438 0.222917
0 0.484827 0.780143 0.047778 0.093619
0 0.151315 0.287984 0.062006 0.196801
0 0.201921 0.279845 0.088218 0.176356
0 0.185384 0.204014 0.080143 0.133028
0 0.220703 0.211216 0.091406 0.114098
0 0.236052 0.197832 0.106479 0.112331
0 0.9178 0.389193 0.20435 0.232554
0 0.895654 0.446133 0.191308 0.271433
0 0.877124 0.383669 0.169873 0.225672
0 0.854764 0.403804 0.153277 0.232608
0 0.841579 0.326127 0.148783 0.185587
0 0.818275 0.404068 0.133425 0.233135
0 0.817902 0.368408 0.120178 0.19515
0 0.789639 0.361142 0.107402 0.188951
0 0.770394 0.431438 0.097039 0.242042
0 0.777774 0.39877 0.102424 0.218374
0 0.807994 0.317895 0.119113 0.16079
0 0.770121 0.24354 0.105867 0.141247
0 0.775958 0.290687 0.09879 0.143874
0 0.779556 0.323586 0.102861 0.163838
0 0.751002 0.358413 0.080128 0.195993
0 0.751455 0.311418 0.081036 0.156169
0 0.729118 0.28764 0.064486 0.137781
0 0.717575 0.32892 0.06015 0.174506
0 0.720892 0.400313 0.063658 0.225626
0 0.714567 0.441736 0.066633 0.262639
0 0.689845 0.348192 0.048439 0.204716
0 0.695906 0.283511 0.048062 0.146188
0 0.780469 0.755208 0.032812 0.052083
0 0.799219 0.782292 0.048438 0.077083
0 0.835156 0.801042 0.067188 0.085417
0 0.879688 0.775 0.103125 0.066667
0 0.871094 0.81875 0.092188 0.0875
0 0.866406 0.854167 0.089062 0.116667
0 0.247867 0.6851 0.064484 0.091034
0 0.280393 0.21538 0.042036 0.126593
0 0.31732 0.219341 0.069014 0.134516
0 0.294069 0.155685 0.056888 0.098869
0 0.315254 0.144858 0.080509 0.110549
0 0.33658 0.374473 0.076284 0.086446
0 0.366997 0.41366 0.080869 0.093987
0 0.34781 0.434086 0.073746 0.114005
0 0.329276 0.415 0.064802 0.105
0 0.571094 0.672917 0.064062 0.054167
0 0.544531 0.726042 0.042188 0.08125
0 0.566406 0.782292 0.064062 0.139583
0 0.422656 0.395833 0.048438 0.083333
0 0.614062 0.403125 0.10625 0.097917
0 0.56875 0.339583 0.078125 0.058333
