0 0.734293 0.561166 0.106086 0.134832
0 0.29254 0.349164 0.075705 0.077495
0 0.449219 0.521875 0.042188 0.114583
0 0.750821 0.720133 0.101642 0.069433
0 0.69482 0.7248 0.04589 0.066266
0 0.715376 0.753165 0.068252 0.089664
0 0.766655 0.768651 0.111436 0.103968
0 0.558902 0.947501 0.06468 0.136668
0 0.547471 0.94023 0.051193 0.117959
0 0.528852 0.930949 0.045204 0.124398
0 0.545977 0.879714 0.057578 0.096928
0 0.52008 0.851136 0.043285 0.081438
0 0.972656 0.630208 0.054688 0.097917
0 0.390625 0.559519 0.071875 0.098205
0 0.58125 0.26875 0.04375 0.045833
0 0.577344 0.336458 0.035938 0.085417
0 0.610156 0.342708 0.064062 0.110417
0 0.575 0.382292 0.0375 0.122917
0 0.594531 0.430208 0.051562 0.152083
0 0.091707 0.510784 0.045915 0.075735
0 0.346462 0.24962 0.04605 0.111741
0 0.969078 0.377367 0.116281 0.188067
0 0.985054 0.324516 0.129483 0.157366
0 0.940021 0.276937 0.105042 0.137207
0 0.868438 0.279884 0.058751 0.147268
0 0.935756 0.194511 0.084013 0.051522
0 0.305469 0.623958 0.045312 0.08125
0 0.182565 0.596317 0.062006 0.196801
0 0.233171 0.588178 0.088218 0.176356
0 0.216634 0.512347 0.080143 0.133028
0 0.251953 0.519549 0.091406 0.114098
0 0.267302 0.506166 0.106479 0.112331
0 0.160359 0.258691 0.095719 0.079881
0 0.155721 0.314636 0.086442 0.112606
0 0.126562 0.343973 0.065624 0.129612
0 0.110781 0.269559 0.059062 0.08495
0 0.757936 0.128771 0.081498 0.099209
0 0.730846 0.162688 0.049192 0.104543
0 0.419667 0.282797 0.048708 0.082261
