0 0.655482 0.417398 0.12034 0.072296
0 0.660618 0.468956 0.121237 0.104578
0 0.615036 0.511519 0.089447 0.135538
0 0.390317 0.500201 0.071258 0.096235
0 0.1875 0.5125 0.08125 0.045833
0 0.139062 0.521875 0.046875 0.05625
0 0.171875 0.559375 0.06875 0.08125
0 0.165625 0.603125 0.059375 0.102083
0 0.607031 0.205208 0.048438 0.072917
0 0.293783 0.184367 0.07194 0.085402
0 0.286709 0.210269 0.060919 0.091371
0 0.279474 0.237496 0.062073 0.120825
0 0.259705 0.191098 0.050661 0.094695
0 0.240421 0.231915 0.040217 0.12633
0 0.481162 0.291275 0.0592 0.190883
0 0.531696 0.304325 0.085267 0.183651
0 0.523326 0.217974 0.081026 0.135949
0 0.557136 0.239108 0.092396 0.12405
0 0.574276 0.230113 0.107928 0.126893
0 0.447656 0.60625 0.073438 0.054167
0 0.268638 0.774977 0.059151 0.145788
0 0.243339 0.709772 0.046054 0.107045
0 0.292431 0.720078 0.081737 0.119322
0 0.275641 0.669626 0.085657 0.097586
0 0.475781 0.423958 0.042188 0.13125
0 0.907812 0.811458 0.0875 0.097917
0 0.928125 0.917708 0.109375 0.14375
0 0.882031 0.973958 0.092188 0.18125
0 0.832812 0.940625 0.034375 0.160417
0 0.922656 1.040625 0.104688 0.23125
0 0.239304 0.356336 0.050482 0.104338
0 0.720186 0.135171 0.040372 0.062009
0 0.154688 0.752083 0.05625 0.0625
0 0.889062 0.133333 0.08125 0.045833
0 0.840625 0.142708 0.046875 0.05625
0 0.873438 0.180208 0.06875 0.08125
0 0.867188 0.223958 0.059375 0.102083
0 0.54598 0.605982 0.057584 0.082797
0 0.372656 0.710417 0.079688 0.083333
0 0.339844 0.773958 0.057812 0.13125
0 0.402344 0.792708 0.101562 0.122917
0 0.402344 0.841667 0.095312 0.154167
0 0.469531 0.826042 0.142188 0.152083
0 0.423438 0.901042 0.10625 0.20625
0 0.461719 0.901042 0.126562 0.18125
0 0.485156 0.938542 0.135938 0.222917
0 0.435156 1.003125 0.107812 0.26875
0 0.458594 0.973958 0.120312 0.252083
0 0.509375 0.8875 0.153125 0.1875
0 0.569531 0.915625 0.217188 0.21875
0 0.547656 0.93125 0.179688 0.216667
0 0.521094 0.936458 0.157812 0.227083
0 0.502344 1.013542 0.157812 0.264583
0 0.546094 0.9875 0.176562 0.254167
0 0.578906 1.017708 0.198438 0.26875
0 0.546094 1.05625 0.182812 0.3
0 0.483594 1.080208 0.145312 0.314583
0 0.447656 1.102083 0.126562 0.341667
0 0.533594 1.110417 0.189062 0.341667
0 0.59375 1.071875 0.215625 0.314583
