0 0.348848 0.305986 0.125821 0.111971
0 0.262 0.259707 0.074 0.086081
0 0.293416 0.232774 0.083707 0.057215
0 0.326646 0.271205 0.109542 0.088244
0 0.202865 0.549359 0.124481 0.177884
0 0.242317 0.498774 0.140884 0.147547
0 0.212142 0.447946 0.133659 0.112559
0 0.20203 0.418728 0.119686 0.083289
0 0.194872 0.371273 0.127245 0.055047
0 0.132292 0.408549 0.077085 0.083765
0 0.121046 0.473374 0.079592 0.134248
0 0.137751 0.522062 0.078628 0.164958
0 0.195268 0.498169 0.109286 0.133837
0 0.859375 0.508333 0.05625 0.0625
0 0.311311 0.626001 0.075747 0.114501
0 0.373812 0.60179 0.116373 0.095246
0 0.633594 0.441667 0.114062 0.170833
0 0.675 0.403125 0.1375 0.139583
0 0.59375 0.438542 0.084375 0.164583
0 0.61875 0.348958 0.096875 0.102083
0 0.659375 0.304167 0.13125 0.070833
0 0.652344 0.373958 0.120312 0.11875
0 0.630469 0.405208 0.101562 0.135417
0 0.596875 0.3875 0.084375 0.129167
0 0.55 0.40625 0.059375 0.141667
0 0.578906 0.316667 0.079688 0.095833
0 0.685938 0.340625 0.146875 0.102083
0 0.20533 0.605723 0.076284 0.086446
0 0.235747 0.64491 0.080869 0.093987
0 0.21656 0.665336 0.073746 0.114005
0 0.198026 0.64625 0.064802 0.105
0 0.720312 0.427083 0.059375 0.120833
0 0.752625 0.172784 0.05525 0.066401
0 0.8625 0.755208 0.046875 0.11875
0 0.902344 0.709375 0.057812 0.035417
0 0.921875 0.720833 0.071875 0.0375
0 0.935156 0.742708 0.085938 0.064583
0 0.908594 0.767708 0.067188 0.077083
0 0.914844 0.807292 0.082812 0.127083
0 0.963281 0.776042 0.107812 0.085417
0 0.983594 0.730208 0.123438 0.05625
0 1.010156 0.765625 0.148438 0.110417
0 0.969531 0.8375 0.117188 0.1375
0 0.059451 0.627356 0.072026 0.058878
0 0.532812 0.614583 0.08125 0.045833
0 0.484375 0.623958 0.046875 0.05625
0 0.517188 0.661458 0.06875 0.08125
0 0.510938 0.705208 0.059375 0.102083
0 0.813281 0.346875 0.048438 0.08125
0 0.401082 0.871201 0.045915 0.075735
0 0.254215 0.947501 0.06468 0.136668
0 0.242784 0.94023 0.051193 0.117959
0 0.224165 0.930949 0.045204 0.124398
0 0.241289 0.879714 0.057578 0.096928
0 0.215393 0.851136 0.043285 0.081438
0 0.484967 0.186961 0.04806 0.069756
0 0.315437 0.845429 0.0465 0.103357
0 0.349733 0.885568 0.074467 0.141969
