0 0.893991 0.854252 0.050482 0.104338
0 0.329433 0.613293 0.061991 0.10992
0 0.501016 0.428843 0.133282 0.153518
0 0.667516 0.86695 0.116281 0.188067
0 0.683491 0.8141 0.129483 0.157366
0 0.638458 0.76652 0.105042 0.137207
0 0.566876 0.769467 0.058751 0.147268
0 0.634194 0.684094 0.084013 0.051522
0 0.919531 0.128125 0.114062 0.035417
0 0.911719 0.16875 0.110938 0.066667
0 0.914062 0.217708 0.109375 0.09375
0 0.929688 0.257292 0.115625 0.127083
0 0.889844 0.257292 0.085938 0.127083
0 0.858594 0.219792 0.067188 0.102083
0 0.846875 0.175 0.0625 0.070833
0 0.810156 0.229167 0.039062 0.120833
0 0.845312 0.257292 0.059375 0.127083
0 0.814844 0.277083 0.042188 0.141667
0 0.878125 0.315625 0.096875 0.172917
0 0.632936 0.166271 0.081498 0.099209
0 0.605846 0.200188 0.049192 0.104543
0 0.144531 0.68125 0.048438 0.095833
0 0.194531 0.648958 0.085938 0.060417
0 0.241406 0.684375 0.114062 0.102083
0 0.275 0.709375 0.128125 0.110417
0 0.31875 0.714583 0.159375 0.129167
0 0.270312 0.796875 0.13125 0.172917
0 0.202344 0.789583 0.092188 0.179167
0 0.157812 0.771875 0.0625 0.152083
0 0.199219 0.710417 0.076562 0.104167
0 0.223031 0.251512 0.092937 0.186357
0 0.440288 0.162003 0.064951 0.086506
0 0.46025 0.213544 0.073625 0.114589
0 0.494251 0.230651 0.094752 0.123802
0 0.489837 0.155821 0.095299 0.078308
0 0.323338 0.883599 0.134176 0.154697
0 0.192982 0.406981 0.12034 0.072296
0 0.198118 0.458539 0.121237 0.104578
0 0.152536 0.501102 0.089447 0.135538
0 0.877415 0.655566 0.082955 0.081966
0 0.918263 0.64587 0.105275 0.070907
0 0.862377 0.686856 0.068504 0.098713
0 0.916807 0.706395 0.102363 0.108624
0 0.958679 0.693746 0.132984 0.104159
0 0.921668 0.672942 0.105836 0.08755
0 0.897586 0.678964 0.085798 0.087096
0 0.8875 0.70473 0.084375 0.10946
0 0.856564 0.726336 0.066254 0.127672
0 0.90863 0.737063 0.107884 0.140793
0 0.952835 0.660537 0.13067 0.083574
0 0.815457 0.472675 0.055914 0.066184
0 0.776014 0.795111 0.083277 0.086056
0 0.743328 0.817268 0.061656 0.101202
0 0.750224 0.777265 0.066073 0.075364
0 0.734024 0.762355 0.049298 0.058043
0 0.735678 0.549359 0.124481 0.177884
0 0.775129 0.498774 0.140884 0.147547
0 0.744955 0.447946 0.133659 0.112559
0 0.734843 0.418728 0.119686 0.083289
0 0.727685 0.371273 0.127245 0.055047
0 0.665105 0.408549 0.077085 0.083765
0 0.653858 0.473374 0.079592 0.134248
0 0.670564 0.522062 0.078628 0.164958
0 0.728081 0.498169 0.109286 0.133837
0 0.090054 0.1851 0.064484 0.091034
