0 0.116406 0.240625 0.054688 0.085417
0 0.696759 0.31783 0.087268 0.06066
0 0.787993 0.582414 0.097861 0.043995
0 0.759668 0.598081 0.08496 0.058661
0 0.744425 0.634097 0.070101 0.076528
0 0.758724 0.68034 0.079947 0.114846
0 0.731681 0.669051 0.053986 0.100603
0 0.700204 0.66025 0.037908 0.095501
0 0.532812 0.570833 0.1 0.125
0 0.489844 0.511458 0.064062 0.05625
0 0.451562 0.544792 0.04375 0.085417
0 0.475781 0.590625 0.060938 0.122917
0 0.155469 0.448958 0.048438 0.060417
0 0.663077 0.967928 0.069904 0.135857
0 0.665934 0.939289 0.063119 0.107745
0 0.670343 0.901947 0.071936 0.09556
0 0.626691 0.917795 0.050256 0.102256
0 0.62394 0.85349 0.04788 0.06948
0 0.907017 0.565533 0.039034 0.060232
0 0.333594 0.678125 0.048438 0.06875
0 0.380469 0.742708 0.076562 0.11875
0 0.435938 0.961458 0.10625 0.097917
0 0.390625 0.897917 0.078125 0.058333
0 0.559461 0.179294 0.143921 0.096087
0 0.528028 0.15789 0.099806 0.04078
0 0.513655 0.171004 0.08981 0.046174
0 0.50265 0.19079 0.089674 0.069079
0 0.529706 0.200877 0.106287 0.072588
0 0.525647 0.228907 0.11692 0.111981
0 0.483393 0.22198 0.079285 0.089792
0 0.456728 0.195201 0.063455 0.073736
0 0.437193 0.228085 0.061885 0.118671
0 0.486043 0.266531 0.087711 0.128896
0 0.817999 0.369947 0.085998 0.148226
0 0.875279 0.320244 0.109933 0.107154
0 0.939638 0.33093 0.141777 0.09936
0 1.008901 0.349228 0.199052 0.119289
0 1.009816 0.38986 0.194632 0.142221
0 0.976375 0.362419 0.162124 0.116504
0 0.931498 0.375802 0.137996 0.126604
0 0.89363 0.390261 0.109135 0.143022
0 0.91164 0.427112 0.129531 0.175057
0 0.955132 0.448047 0.160263 0.18776
0 0.964625 0.402224 0.15425 0.141948
0 0.394531 0.373958 0.032812 0.052083
0 0.413281 0.401042 0.048438 0.077083
0 0.449219 0.419792 0.067188 0.085417
0 0.49375 0.39375 0.103125 0.066667
0 0.485156 0.4375 0.092188 0.0875
0 0.480469 0.472917 0.089062 0.116667
0 0.31875 0.7 0.19375 0.083333
0 0.351562 0.763542 0.215625 0.13125
0 0.2875 0.782292 0.175 0.122917
0 0.292188 0.83125 0.171875 0.154167
0 0.223438 0.815625 0.128125 0.152083
0 0.273438 0.890625 0.15625 0.20625
0 0.239062 0.890625 0.128125 0.18125
0 0.220312 0.928125 0.109375 0.222917
0 0.266406 0.992708 0.145312 0.26875
0 0.245312 0.963542 0.128125 0.252083
0 0.195312 0.877083 0.09375 0.1875
0 0.117188 0.905208 0.065625 0.21875
0 0.15625 0.920833 0.06875 0.216667
0 0.185938 0.926042 0.084375 0.227083
0 0.195312 1.003125 0.103125 0.264583
0 0.159375 0.977083 0.06875 0.254167
0 0.126562 1.007292 0.046875 0.26875
0 0.154688 1.045833 0.071875 0.3
0 0.214062 1.069792 0.115625 0.314583
0 0.246094 1.091667 0.142188 0.341667
0 0.15625 1.1 0.0875 0.341667
0 0.10625 1.061458 0.040625 0.314583
0 0.214062 0.236458 0.096875 0.135417
0 0.776847 0.780241 0.063069 0.118815
0 0.659633 0.203463 0.044266 0.081925
