0 0.483594 0.90625 0.042188 0.083333
0 0.736719 0.417708 0.060938 0.064583
0 0.708594 0.480208 0.032812 0.10625
0 0.747656 0.4875 0.064062 0.104167
0 0.886414 0.19125 0.038453 0.082499
0 0.623848 0.658069 0.125821 0.111971
0 0.537 0.611791 0.074 0.086081
0 0.568416 0.584857 0.083707 0.057215
0 0.601646 0.623289 0.109542 0.088244
0 0.141386 0.940285 0.085897 0.14307
0 0.168316 0.902919 0.089757 0.101672
0 0.154201 0.838449 0.089652 0.068564
0 0.135757 0.856008 0.065264 0.066182
0 0.125769 0.89165 0.064038 0.095799
0 0.896921 0.858984 0.065717 0.172134
0 0.871063 0.792054 0.051502 0.129941
0 0.910366 0.803645 0.067607 0.123956
0 0.938512 0.815291 0.09265 0.143083
0 0.928815 0.745445 0.09513 0.090889
0 0.954957 0.703334 0.128664 0.056667
0 0.189844 0.2375 0.079688 0.083333
0 0.157031 0.301042 0.057812 0.13125
0 0.219531 0.319792 0.101562 0.122917
0 0.219531 0.36875 0.095312 0.154167
0 0.286719 0.353125 0.142188 0.152083
0 0.240625 0.428125 0.10625 0.20625
0 0.278906 0.428125 0.126562 0.18125
0 0.302344 0.465625 0.135938 0.222917
0 0.252344 0.530208 0.107812 0.26875
0 0.275781 0.501042 0.120312 0.252083
0 0.326562 0.414583 0.153125 0.1875
0 0.386719 0.442708 0.217188 0.21875
0 0.364844 0.458333 0.179688 0.216667
0 0.338281 0.463542 0.157812 0.227083
0 0.319531 0.540625 0.157812 0.264583
0 0.363281 0.514583 0.176562 0.254167
0 0.396094 0.544792 0.198438 0.26875
0 0.363281 0.583333 0.182812 0.3
0 0.300781 0.607292 0.145312 0.314583
0 0.264844 0.629167 0.126562 0.341667
0 0.350781 0.6375 0.189062 0.341667
0 0.410938 0.598958 0.215625 0.314583
0 0.622612 0.40327 0.095224 0.077374
0 0.609374 0.456569 0.071874 0.096472
0 0.619505 0.513489 0.08901 0.143645
0 0.645928 0.502728 0.09498 0.122123
0 0.649212 0.462122 0.10155 0.103411
0 0.318644 0.619645 0.065413 0.060123
0 0.603125 0.252083 0.08125 0.045833
0 0.554688 0.261458 0.046875 0.05625
0 0.5875 0.298958 0.06875 0.08125
0 0.58125 0.342708 0.059375 0.102083
0 0.295779 0.94643 0.085308 0.072028
0 0.276183 0.99229 0.074241 0.101248
0 0.261681 0.952003 0.063988 0.07484
0 0.23604 0.953368 0.04083 0.069236
0 0.801082 0.267034 0.045915 0.075735
0 0.770312 0.792708 0.08125 0.085417
0 0.753125 0.859375 0.05 0.11875
0 0.701562 0.113542 0.0375 0.06875
0 0.451562 0.28125 0.05625 0.066667
0 0.511013 0.725356 0.056402 0.079878
