0 0.367188 0.780208 0.084375 0.139583
0 0.166775 0.353787 0.04605 0.111741
0 0.216534 0.175522 0.036194 0.080211
0 0.232696 0.211867 0.046642 0.102901
0 0.244201 0.183713 0.054026 0.088259
0 0.251526 0.148529 0.062427 0.067892
0 0.53654 0.604359 0.110579 0.137885
0 0.094531 0.851042 0.039062 0.110417
0 0.139844 0.803125 0.073438 0.089583
0 0.130469 0.894792 0.060938 0.139583
0 0.16175 0.053457 0.057875 0.040247
0 0.471304 0.214267 0.064484 0.091034
0 0.801481 0.167416 0.106086 0.134832
0 0.380469 0.080208 0.048438 0.08125
0 0.546615 0.966025 0.124481 0.177884
0 0.586067 0.91544 0.140884 0.147547
0 0.555892 0.864613 0.133659 0.112559
0 0.54578 0.835395 0.119686 0.083289
0 0.538622 0.78794 0.127245 0.055047
0 0.476042 0.825216 0.077085 0.083765
0 0.464796 0.890041 0.079592 0.134248
0 0.481501 0.938729 0.078628 0.164958
0 0.539018 0.914835 0.109286 0.133837
0 0.827344 0.886458 0.048438 0.06875
0 0.874219 0.951042 0.076562 0.11875
0 0.575637 0.415991 0.095025 0.119483
0 0.536149 0.401205 0.062922 0.102409
0 0.519155 0.362377 0.05081 0.074754
0 0.577902 0.356854 0.093304 0.076208
0 0.720641 0.7232 0.116281 0.188067
0 0.736616 0.67035 0.129483 0.157366
0 0.691583 0.62277 0.105042 0.137207
0 0.620001 0.625717 0.058751 0.147268
0 0.687319 0.540344 0.084013 0.051522
0 0.451185 0.450486 0.067994 0.088472
0 0.742969 0.448958 0.054688 0.085417
0 0.65625 0.196875 0.121875 0.122917
0 0.629688 0.236458 0.09375 0.135417
0 0.599219 0.211458 0.076562 0.127083
0 0.553125 0.115625 0.059375 0.085417
0 0.610938 0.266667 0.084375 0.1625
