0 0.677237 0.772285 0.073225 0.098736
0 0.631501 0.801622 0.047378 0.128244
0 0.650651 0.727748 0.054426 0.067996
0 0.946987 0.683225 0.072098 0.12895
0 0.906733 0.650687 0.050966 0.118041
0 0.708594 0.328125 0.104688 0.06875
0 0.753906 0.367708 0.135938 0.102083
0 0.71875 0.451042 0.115625 0.172917
0 0.627344 0.504167 0.051562 0.220833
0 0.753906 0.578125 0.123438 0.222917
0 0.155699 0.482995 0.073898 0.086823
0 0.149957 0.512637 0.059289 0.091941
0 0.158497 0.527241 0.070118 0.108649
0 0.190496 0.539547 0.105993 0.137426
0 0.137024 0.525928 0.055297 0.106023
0 0.096018 0.825797 0.042036 0.126593
0 0.132945 0.829758 0.069014 0.134516
0 0.109694 0.766101 0.056888 0.098869
0 0.130879 0.755275 0.080509 0.110549
0 0.206162 0.787108 0.0592 0.190883
0 0.256696 0.800159 0.085267 0.183651
0 0.248326 0.713808 0.081026 0.135949
0 0.282136 0.734941 0.092396 0.12405
0 0.299276 0.725947 0.107928 0.126893
0 0.514823 0.311118 0.085897 0.14307
0 0.541753 0.273752 0.089757 0.101672
0 0.527638 0.209282 0.089652 0.068564
0 0.509195 0.226841 0.065264 0.066182
0 0.499206 0.262483 0.064038 0.095799
0 0.804042 0.155714 0.048708 0.082261
0 0.380248 0.238863 0.16362 0.12356
0 0.259363 0.251872 0.081226 0.153744
0 0.337774 0.16613 0.131798 0.065593
0 0.332031 0.804167 0.048438 0.083333
0 0.127344 0.270833 0.076562 0.0625
0 0.422656 0.6375 0.079688 0.083333
0 0.389844 0.701042 0.057812 0.13125
0 0.452344 0.719792 0.101562 0.122917
0 0.452344 0.76875 0.095312 0.154167
0 0.519531 0.753125 0.142188 0.152083
0 0.473438 0.828125 0.10625 0.20625
0 0.511719 0.828125 0.126562 0.18125
0 0.535156 0.865625 0.135938 0.222917
0 0.485156 0.930208 0.107812 0.26875
0 0.508594 0.901042 0.120312 0.252083
0 0.559375 0.814583 0.153125 0.1875
0 0.619531 0.842708 0.217188 0.21875
0 0.597656 0.858333 0.179688 0.216667
0 0.571094 0.863542 0.157812 0.227083
0 0.552344 0.940625 0.157812 0.264583
0 0.596094 0.914583 0.176562 0.254167
0 0.628906 0.944792 0.198438 0.26875
0 0.596094 0.983333 0.182812 0.3
0 0.533594 1.007292 0.145312 0.314583
0 0.497656 1.029167 0.126562 0.341667
0 0.583594 1.0375 0.189062 0.341667
0 0.64375 0.998958 0.215625 0.314583
0 0.415742 0.458641 0.093983 0.083949
0 0.436854 0.501492 0.111207 0.115485
0 0.415314 0.506618 0.086878 0.104902
0 0.389993 0.493218 0.076862 0.10727
0 0.396456 0.545545 0.086662 0.141091
0 0.372757 0.578915 0.07989 0.166164
0 0.888492 0.218433 0.064484 0.091034
0 0.166707 0.131618 0.045915 0.075735
0 0.525909 0.121355 0.036194 0.080211
0 0.542071 0.157701 0.046642 0.102901
0 0.553576 0.129546 0.054026 0.088259
0 0.560901 0.094363 0.062427 0.067892
