0 0.049347 0.365105 0.036194 0.080211
0 0.065509 0.401451 0.046642 0.102901
0 0.077013 0.373296 0.054026 0.088259
0 0.084338 0.338113 0.062427 0.067892
0 0.700811 0.438697 0.085998 0.148226
0 0.758091 0.388994 0.109933 0.107154
0 0.822451 0.39968 0.141777 0.09936
0 0.891714 0.417978 0.199052 0.119289
0 0.892628 0.45861 0.194632 0.142221
0 0.859187 0.431169 0.162124 0.116504
0 0.814311 0.444552 0.137996 0.126604
0 0.776443 0.459011 0.109135 0.143022
0 0.794453 0.495862 0.129531 0.175057
0 0.837944 0.516797 0.160263 0.18776
0 0.847438 0.470974 0.15425 0.141948
0 0.521094 0.355208 0.167188 0.09375
0 0.444531 0.315625 0.132812 0.052083
0 0.375781 0.3375 0.082812 0.0625
0 0.435156 0.420833 0.120312 0.129167
0 0.524219 0.453125 0.170312 0.160417
0 0.460156 0.476042 0.139062 0.164583
0 0.384375 0.467708 0.0875 0.164583
0 0.360938 0.563542 0.071875 0.222917
0 0.413281 0.613542 0.110938 0.277083
0 0.488281 0.411458 0.142188 0.11875
0 0.433594 0.351042 0.104688 0.072917
0 0.472656 0.3625 0.129688 0.079167
0 0.367969 0.405208 0.067188 0.114583
0 0.710938 0.713542 0.153125 0.08125
0 0.627344 0.745833 0.101562 0.0875
0 0.660156 0.79375 0.126562 0.133333
0 0.645312 0.85 0.109375 0.1625
0 0.614844 0.820833 0.092188 0.1375
0 0.546875 0.836458 0.04375 0.152083
0 0.597656 0.890625 0.082812 0.185417
0 0.247656 0.330208 0.048438 0.060417
0 0.810938 0.880353 0.071875 0.098205
0 0.441031 0.686998 0.053938 0.103163
0 0.488676 0.628647 0.089852 0.069794
0 0.89662 0.732043 0.061991 0.10992
0 0.613165 0.154176 0.051329 0.104186
0 0.231629 0.918916 0.147634 0.316998
0 0.193233 0.90531 0.123967 0.31062
0 0.221496 0.857481 0.136741 0.269128
0 0.205012 0.834653 0.122523 0.248474
0 0.238792 0.789837 0.14946 0.225507
0 0.190998 0.782393 0.116372 0.218953
0 0.215524 0.768961 0.121673 0.192089
0 0.210215 0.728535 0.120431 0.16957
0 0.16375 0.723507 0.093125 0.172015
0 0.184272 0.723173 0.106045 0.171347
0 0.238641 0.738462 0.139782 0.176925
0 0.254683 0.66253 0.165616 0.150061
0 0.2415 0.686113 0.142374 0.143059
0 0.225429 0.702071 0.132108 0.154142
0 0.195242 0.671755 0.112359 0.135176
0 0.221919 0.656992 0.128212 0.122316
0 0.229423 0.619979 0.13072 0.094124
0 0.198439 0.616257 0.115629 0.099181
0 0.161818 0.645914 0.092387 0.120996
0 0.134133 0.650947 0.080766 0.135228
0 0.173951 0.585497 0.107277 0.091827
0 0.215666 0.571619 0.128207 0.072406
0 0.62095 0.395158 0.095025 0.119483
0 0.581461 0.380371 0.062922 0.102409
0 0.564468 0.341544 0.05081 0.074754
0 0.623215 0.336021 0.093304 0.076208
0 0.932951 0.955678 0.100277 0.115523
0 0.886533 0.941059 0.051191 0.090452
0 0.892931 0.895904 0.060862 0.066809
0 0.926252 0.901804 0.086878 0.074442
0 0.35 0.088542 0.0875 0.097917
0 0.370312 0.194792 0.109375 0.14375
0 0.324219 0.251042 0.092188 0.18125
0 0.275 0.217708 0.034375 0.160417
0 0.364844 0.317708 0.104688 0.23125
0 0.11875 0.142708 0.084375 0.139583
0 0.228548 0.953198 0.072721 0.064728
0 0.945312 0.219792 0.05625 0.060417
0 0.985938 0.279167 0.0875 0.104167
0 0.920312 0.283333 0.046875 0.1125
0 0.935938 0.327083 0.075 0.15
