0 0.614151 0.599934 0.143927 0.095701
0 0.650125 0.630949 0.169 0.120231
0 0.61261 0.673233 0.140846 0.133966
0 0.626104 0.708038 0.145959 0.153577
0 0.578918 0.726186 0.117212 0.173206
0 0.628562 0.760442 0.14775 0.195884
0 0.605685 0.776881 0.123869 0.187096
0 0.602819 0.814778 0.121263 0.221224
0 0.646224 0.839471 0.154948 0.241442
0 0.626268 0.827974 0.140037 0.235114
0 0.574979 0.789276 0.103082 0.203552
0 0.530395 0.835757 0.09204 0.254848
0 0.559292 0.836977 0.093584 0.236454
0 0.579592 0.829536 0.106059 0.234072
0 0.60243 0.876325 0.126735 0.260984
0 0.574509 0.876812 0.102144 0.261958
0 0.559731 0.914058 0.091336 0.282282
0 0.587 0.925917 0.114624 0.297668
0 0.630925 0.916451 0.146225 0.291234
0 0.656661 0.915694 0.169571 0.302222
0 0.599928 0.958943 0.134232 0.330387
0 0.558254 0.959377 0.097759 0.32292
0 0.498169 0.173581 0.099464 0.10133
0 0.559812 0.255487 0.147749 0.165141
0 0.562483 0.165258 0.137465 0.088849
0 0.442269 0.475203 0.047038 0.092073
0 0.207061 0.34703 0.085998 0.148226
0 0.264341 0.297327 0.109933 0.107154
0 0.328701 0.308013 0.141777 0.09936
0 0.397964 0.326311 0.199052 0.119289
0 0.398878 0.366944 0.194632 0.142221
0 0.365437 0.339502 0.162124 0.116504
0 0.320561 0.352885 0.137996 0.126604
0 0.282693 0.367344 0.109135 0.143022
0 0.300703 0.404195 0.129531 0.175057
0 0.344194 0.42513 0.160263 0.18776
0 0.353688 0.379307 0.15425 0.141948
0 0.640701 0.414856 0.072026 0.058878
0 0.833594 0.780938 0.060938 0.078543
0 0.832812 0.128125 0.096875 0.135417
0 0.366406 0.145833 0.042188 0.083333
0 0.73508 0.469547 0.042036 0.126593
0 0.772007 0.473508 0.069014 0.134516
0 0.748757 0.409851 0.056888 0.098869
0 0.769942 0.399025 0.080509 0.110549
0 0.765047 0.644107 0.095719 0.079881
0 0.760409 0.700053 0.086442 0.112606
0 0.73125 0.729389 0.065624 0.129612
0 0.715468 0.654975 0.059062 0.08495
0 0.959123 0.861632 0.058872 0.127431
0 0.871133 0.8743 0.101642 0.069433
0 0.815132 0.878966 0.04589 0.066266
0 0.835688 0.907332 0.068252 0.089664
0 0.886968 0.922817 0.111436 0.103968
0 0.089665 0.273109 0.110579 0.137885
0 0.421125 0.703457 0.057875 0.040247
0 0.127299 0.774104 0.095224 0.077374
0 0.114062 0.827403 0.071874 0.096472
0 0.124192 0.884323 0.08901 0.143645
0 0.150615 0.873561 0.09498 0.122123
0 0.1539 0.832955 0.10155 0.103411
0 0.276562 0.073958 0.05625 0.060417
0 0.317188 0.133333 0.0875 0.104167
0 0.251563 0.1375 0.046875 0.1125
0 0.267188 0.18125 0.075 0.15
