0 0.732894 0.85437 0.047038 0.092073
0 0.514062 0.738542 0.0875 0.097917
0 0.534375 0.844792 0.109375 0.14375
0 0.488281 0.901042 0.092188 0.18125
0 0.439062 0.867708 0.034375 0.160417
0 0.528906 0.967708 0.104688 0.23125
0 0.507812 0.163542 0.10625 0.097917
0 0.4625 0.1 0.078125 0.058333
0 0.670429 0.598225 0.093983 0.083949
0 0.691541 0.641076 0.111207 0.115485
0 0.670001 0.646201 0.086878 0.104902
0 0.644681 0.632801 0.076862 0.10727
0 0.651144 0.685129 0.086662 0.141091
0 0.627445 0.718499 0.07989 0.166164
0 0.567969 0.186458 0.032812 0.085417
0 0.574219 0.370833 0.064062 0.054167
0 0.547656 0.423958 0.042188 0.08125
0 0.569531 0.480208 0.064062 0.139583
0 0.771328 0.233009 0.133282 0.153518
0 0.141412 0.39942 0.067199 0.08634
0 0.390229 0.460136 0.152332 0.124438
0 0.359192 0.434038 0.124633 0.097243
0 0.359581 0.474801 0.128537 0.128768
0 0.358106 0.507287 0.125587 0.147907
0 0.318855 0.516293 0.11271 0.170086
0 0.319444 0.481129 0.101389 0.133091
0 0.332042 0.456738 0.107834 0.113475
0 0.296713 0.448732 0.093427 0.122463
0 0.291053 0.405066 0.082106 0.080966
0 0.308643 0.373147 0.09541 0.06296
0 0.276766 0.36117 0.066032 0.04734
0 0.367273 0.63971 0.143921 0.096087
0 0.33584 0.618307 0.099806 0.04078
0 0.321468 0.631421 0.08981 0.046174
0 0.310462 0.651206 0.089674 0.069079
0 0.337518 0.661294 0.106287 0.072588
0 0.33346 0.689324 0.11692 0.111981
0 0.291205 0.682396 0.079285 0.089792
0 0.26454 0.655618 0.063455 0.073736
0 0.245005 0.688502 0.061885 0.118671
0 0.293855 0.726948 0.087711 0.128896
0 0.576638 0.854439 0.072026 0.058878
0 0.772656 0.439583 0.079688 0.083333
0 0.739844 0.503125 0.057812 0.13125
0 0.802344 0.521875 0.101562 0.122917
0 0.802344 0.570833 0.095312 0.154167
0 0.869531 0.555208 0.142188 0.152083
0 0.823438 0.630208 0.10625 0.20625
0 0.861719 0.630208 0.126562 0.18125
0 0.885156 0.667708 0.135938 0.222917
0 0.835156 0.732292 0.107812 0.26875
0 0.858594 0.703125 0.120312 0.252083
0 0.909375 0.616667 0.153125 0.1875
0 0.969531 0.644792 0.217188 0.21875
0 0.947656 0.660417 0.179688 0.216667
0 0.921094 0.665625 0.157812 0.227083
0 0.902344 0.742708 0.157812 0.264583
0 0.946094 0.716667 0.176562 0.254167
0 0.978906 0.746875 0.198438 0.26875
0 0.946094 0.785417 0.182812 0.3
0 0.883594 0.809375 0.145312 0.314583
0 0.847656 0.83125 0.126562 0.341667
0 0.933594 0.839583 0.189062 0.341667
0 0.99375 0.801042 0.215625 0.314583
0 0.214844 0.892708 0.042188 0.114583
