0 0.621402 0.537084 0.06468 0.136668
0 0.609971 0.529813 0.051193 0.117959
0 0.591352 0.520532 0.045204 0.124398
0 0.608477 0.469297 0.057578 0.096928
0 0.58258 0.440719 0.043285 0.081438
0 0.627123 0.190947 0.16362 0.12356
0 0.506238 0.203955 0.081226 0.153744
0 0.584649 0.118213 0.131798 0.065593
0 0.323889 0.136393 0.047778 0.093619
0 0.202993 0.608011 0.152862 0.049354
0 0.170998 0.62396 0.132621 0.060419
0 0.219313 0.714966 0.157376 0.113265
0 0.140395 0.766871 0.121416 0.162909
0 0.190399 0.770577 0.133923 0.145321
0 0.172204 0.738794 0.128783 0.131754
0 0.165156 0.693316 0.133437 0.107466
0 0.243088 0.681411 0.189301 0.104489
0 0.288278 0.756606 0.207806 0.142379
0 0.324796 0.785729 0.240216 0.171458
0 0.264016 0.719688 0.190532 0.118542
0 0.25398 0.746573 0.18296 0.134813
0 0.214293 0.738712 0.147337 0.123256
0 0.219515 0.763687 0.154656 0.14404
0 0.24238 0.783682 0.17226 0.15903
0 0.269913 0.791163 0.192951 0.16566
0 0.190422 0.800354 0.155844 0.184042
0 0.919742 0.758017 0.064484 0.091034
0 0.43125 0.457292 0.084375 0.139583
0 0.617188 0.986458 0.10625 0.097917
0 0.571875 0.922917 0.078125 0.058333
0 0.562232 0.679831 0.099464 0.10133
0 0.623874 0.761737 0.147749 0.165141
0 0.626545 0.671508 0.137465 0.088849
0 0.187412 0.380858 0.0592 0.190883
0 0.237946 0.393909 0.085267 0.183651
0 0.229576 0.307558 0.081026 0.135949
0 0.263386 0.328691 0.092396 0.12405
0 0.280526 0.319697 0.107928 0.126893
0 0.41069 0.865067 0.062006 0.196801
0 0.461296 0.856928 0.088218 0.176356
0 0.444759 0.781097 0.080143 0.133028
0 0.480078 0.788299 0.091406 0.114098
0 0.495427 0.774916 0.106479 0.112331
0 0.774184 0.830208 0.070243 0.102083
0 0.40837 0.336089 0.060491 0.105511
0 0.395949 0.293338 0.048148 0.07001
0 0.386463 0.32126 0.041676 0.088354
0 0.436719 0.169792 0.032812 0.085417
0 0.801562 0.394792 0.09375 0.072917
0 0.853906 0.458333 0.117188 0.129167
0 0.825 0.471875 0.096875 0.114583
0 0.747656 0.455208 0.060938 0.147917
0 0.814062 0.536458 0.0875 0.160417
0 0.7875 0.586458 0.090625 0.202083
0 0.957812 0.419792 0.0875 0.097917
0 0.978125 0.526042 0.109375 0.14375
0 0.932031 0.582292 0.092188 0.18125
0 0.882812 0.548958 0.034375 0.160417
0 0.972656 0.648958 0.104688 0.23125
0 0.655396 0.496438 0.029542 0.080376
0 0.673416 0.499806 0.037458 0.06628
0 0.688224 0.478966 0.054573 0.062099
0 0.685397 0.560338 0.048919 0.133176
0 0.715429 0.559323 0.074607 0.131145
