0 0.91754 0.165831 0.075705 0.077495
0 0.751674 0.574892 0.072098 0.12895
0 0.711421 0.542354 0.050966 0.118041
0 0.73702 0.875368 0.045915 0.075735
0 0.933594 0.553125 0.042188 0.13125
0 0.371875 0.176042 0.05625 0.060417
0 0.4125 0.235417 0.0875 0.104167
0 0.346875 0.239583 0.046875 0.1125
0 0.3625 0.283333 0.075 0.15
0 0.285156 0.601042 0.048438 0.097917
0 0.730455 0.678033 0.039034 0.060232
0 0.417748 0.876363 0.16362 0.12356
0 0.296863 0.889372 0.081226 0.153744
0 0.375274 0.80363 0.131798 0.065593
0 0.457812 0.909375 0.046875 0.11875
0 0.497656 0.863542 0.057812 0.035417
0 0.517188 0.875 0.071875 0.0375
0 0.530469 0.896875 0.085938 0.064583
0 0.503906 0.921875 0.067188 0.077083
0 0.510156 0.961458 0.082812 0.127083
0 0.558594 0.930208 0.107812 0.085417
0 0.578906 0.884375 0.123438 0.05625
0 0.605469 0.919792 0.148438 0.110417
0 0.564844 0.991667 0.117188 0.1375
0 0.788666 0.297636 0.152332 0.124438
0 0.757629 0.271538 0.124633 0.097243
0 0.758018 0.312301 0.128537 0.128768
0 0.756543 0.344787 0.125587 0.147907
0 0.717292 0.353793 0.11271 0.170086
0 0.717882 0.318629 0.101389 0.133091
0 0.730479 0.294238 0.107834 0.113475
0 0.695151 0.286232 0.093427 0.122463
0 0.68949 0.242566 0.082106 0.080966
0 0.70708 0.210647 0.09541 0.06296
0 0.675204 0.19867 0.066032 0.04734
0 0.819975 0.466169 0.064951 0.086506
0 0.839938 0.517711 0.073625 0.114589
0 0.873938 0.534818 0.094752 0.123802
0 0.869524 0.459987 0.095299 0.078308
0 0.152405 0.778384 0.057934 0.110934
0 0.157722 0.720977 0.056069 0.066954
0 0.132629 0.738642 0.040258 0.077284
0 0.373844 0.611998 0.053938 0.103163
0 0.421489 0.553647 0.089852 0.069794
0 0.293991 0.398002 0.050482 0.104338
0 0.499527 0.772501 0.06468 0.136668
0 0.488096 0.76523 0.051193 0.117959
0 0.469477 0.755949 0.045204 0.124398
0 0.486602 0.704714 0.057578 0.096928
0 0.460705 0.676136 0.043285 0.081438
0 0.048438 0.115625 0.034375 0.08125
