0 0.201973 0.472652 0.125821 0.111971
0 0.115125 0.426374 0.074 0.086081
0 0.146541 0.399441 0.083707 0.057215
0 0.179771 0.437872 0.109542 0.088244
0 0.396094 0.086458 0.114062 0.035417
0 0.388281 0.127083 0.110938 0.066667
0 0.390625 0.176042 0.109375 0.09375
0 0.40625 0.215625 0.115625 0.127083
0 0.366406 0.215625 0.085938 0.127083
0 0.335156 0.178125 0.067188 0.102083
0 0.323438 0.133333 0.0625 0.070833
0 0.286719 0.1875 0.039062 0.120833
0 0.321875 0.215625 0.059375 0.127083
0 0.291406 0.235417 0.042188 0.141667
0 0.354688 0.273958 0.096875 0.172917
0 0.18658 0.564056 0.076284 0.086446
0 0.216997 0.603244 0.080869 0.093987
0 0.19781 0.623669 0.073746 0.114005
0 0.179276 0.604583 0.064802 0.105
0 0.977055 0.055331 0.097861 0.043995
0 0.94873 0.070997 0.08496 0.058661
0 0.933488 0.107014 0.070101 0.076528
0 0.947786 0.153256 0.079947 0.114846
0 0.920743 0.141968 0.053986 0.100603
0 0.889266 0.133167 0.037908 0.095501
0 0.888381 0.365089 0.051762 0.138511
0 0.909412 0.27658 0.071949 0.086493
0 0.864745 0.302696 0.03574 0.092891
0 0.962777 0.333297 0.047429 0.091594
0 0.692969 0.242708 0.054688 0.085417
0 0.323438 0.844792 0.053125 0.139583
0 0.804379 0.714784 0.071258 0.096235
0 0.455597 0.131772 0.036194 0.080211
0 0.471759 0.168117 0.046642 0.102901
0 0.483263 0.139963 0.054026 0.088259
0 0.490588 0.104779 0.062427 0.067892
0 0.857812 0.582292 0.034375 0.08125
0 0.6625 0.58125 0.19375 0.083333
0 0.695312 0.644792 0.215625 0.13125
0 0.63125 0.663542 0.175 0.122917
0 0.635938 0.7125 0.171875 0.154167
0 0.567188 0.696875 0.128125 0.152083
0 0.617188 0.771875 0.15625 0.20625
0 0.582812 0.771875 0.128125 0.18125
0 0.564062 0.809375 0.109375 0.222917
0 0.610156 0.873958 0.145312 0.26875
0 0.589062 0.844792 0.128125 0.252083
0 0.539062 0.758333 0.09375 0.1875
0 0.460938 0.786458 0.065625 0.21875
0 0.5 0.802083 0.06875 0.216667
0 0.529688 0.807292 0.084375 0.227083
0 0.539062 0.884375 0.103125 0.264583
0 0.503125 0.858333 0.06875 0.254167
0 0.470312 0.888542 0.046875 0.26875
0 0.498438 0.927083 0.071875 0.3
0 0.557812 0.951042 0.115625 0.314583
0 0.589844 0.972917 0.142188 0.341667
0 0.5 0.98125 0.0875 0.341667
0 0.45 0.942708 0.040625 0.314583
0 0.092311 0.251688 0.081498 0.099209
0 0.065221 0.285605 0.049192 0.104543
0 0.371127 0.724998 0.076628 0.22083
0 0.340106 0.654856 0.058337 0.155546
0 0.357066 0.592349 0.079758 0.118032
0 0.409634 0.60603 0.097392 0.120394
0 0.326318 0.545013 0.049512 0.08586
0 0.58181 0.313863 0.16362 0.12356
0 0.460925 0.326872 0.081226 0.153744
0 0.539336 0.24113 0.131798 0.065593
0 0.242969 0.977083 0.114062 0.170833
0 0.284375 0.938542 0.1375 0.139583
0 0.203125 0.973958 0.084375 0.164583
0 0.228125 0.884375 0.096875 0.102083
0 0.26875 0.839583 0.13125 0.070833
0 0.261719 0.909375 0.120312 0.11875
0 0.239844 0.940625 0.101562 0.135417
0 0.20625 0.922917 0.084375 0.129167
0 0.159375 0.941667 0.059375 0.141667
0 0.188281 0.852083 0.079688 0.095833
0 0.295312 0.876042 0.146875 0.102083
