0 0.076042 0.099936 0.042709 0.049871
0 0.098946 0.109774 0.063517 0.061214
0 0.11977 0.139778 0.073915 0.07539
0 0.114935 0.186858 0.070495 0.111216
0 0.140854 0.170332 0.081709 0.094831
0 0.164325 0.158561 0.100525 0.087956
0 0.869308 0.517339 0.060491 0.105511
0 0.856886 0.474588 0.048148 0.07001
0 0.8474 0.50251 0.041676 0.088354
0 0.920004 0.643951 0.071258 0.096235
0 0.633655 0.490884 0.057934 0.110934
0 0.638972 0.433477 0.056069 0.066954
0 0.613879 0.451142 0.040258 0.077284
0 0.607898 0.631377 0.143921 0.096087
0 0.576465 0.609973 0.099806 0.04078
0 0.562093 0.623087 0.08981 0.046174
0 0.551087 0.642873 0.089674 0.069079
0 0.578143 0.65296 0.106287 0.072588
0 0.574085 0.68099 0.11692 0.111981
0 0.53183 0.674063 0.079285 0.089792
0 0.505165 0.647285 0.063455 0.073736
0 0.48563 0.680169 0.061885 0.118671
0 0.53448 0.718615 0.087711 0.128896
0 0.719531 0.073958 0.048438 0.06875
0 0.766406 0.138542 0.076562 0.11875
0 0.582031 0.851042 0.048438 0.072917
0 0.21875 0.634375 0.121875 0.122917
0 0.192188 0.673958 0.09375 0.135417
0 0.161719 0.648958 0.076562 0.127083
0 0.115625 0.553125 0.059375 0.085417
0 0.173438 0.704167 0.084375 0.1625
0 0.095186 0.906005 0.040372 0.062009
0 0.156168 0.349781 0.056085 0.120395
0 0.164751 0.441581 0.060752 0.166495
0 0.196289 0.459592 0.089453 0.185851
0 0.227775 0.407423 0.096174 0.139845
0 0.195308 0.531764 0.081241 0.230195
0 0.151187 0.843499 0.071124 0.107832
0 0.15439 0.819649 0.07753 0.09763
0 0.148989 0.794387 0.069852 0.076274
0 0.118286 0.77179 0.052196 0.064414
0 0.141698 0.769441 0.06152 0.055548
0 0.159324 0.761471 0.074898 0.052108
0 0.299219 0.203125 0.048438 0.060417
0 0.679137 0.230912 0.073898 0.086823
0 0.673395 0.260554 0.059289 0.091941
0 0.681934 0.275158 0.070118 0.108649
0 0.713934 0.287463 0.105993 0.137426
0 0.660461 0.273845 0.055297 0.106023
0 0.852364 0.360579 0.054728 0.041991
0 0.914675 0.914193 0.20435 0.232554
0 0.892529 0.971133 0.191308 0.271433
0 0.873999 0.908669 0.169873 0.225672
0 0.851639 0.928804 0.153277 0.232608
0 0.838454 0.851127 0.148783 0.185587
0 0.81515 0.929068 0.133425 0.233135
0 0.814777 0.893408 0.120178 0.19515
0 0.786514 0.886142 0.107402 0.188951
0 0.767269 0.956438 0.097039 0.242042
0 0.774649 0.92377 0.102424 0.218374
0 0.804869 0.842895 0.119113 0.16079
0 0.766996 0.76854 0.105867 0.141247
0 0.772833 0.815687 0.09879 0.143874
0 0.776431 0.848586 0.102861 0.163838
0 0.747877 0.883413 0.080128 0.195993
0 0.74833 0.836418 0.081036 0.156169
0 0.725993 0.81264 0.064486 0.137781
0 0.71445 0.85392 0.06015 0.174506
0 0.717767 0.925313 0.063658 0.225626
0 0.711442 0.966736 0.066633 0.262639
0 0.68672 0.873192 0.048439 0.204716
0 0.692781 0.808511 0.048062 0.146188
0 0.621479 0.293469 0.152332 0.124438
0 0.590442 0.267371 0.124633 0.097243
0 0.590831 0.308134 0.128537 0.128768
0 0.589356 0.34062 0.125587 0.147907
0 0.550105 0.349627 0.11271 0.170086
0 0.550694 0.314462 0.101389 0.133091
0 0.563292 0.290071 0.107834 0.113475
0 0.527963 0.282065 0.093427 0.122463
0 0.522303 0.2384 0.082106 0.080966
0 0.539893 0.20648 0.09541 0.06296
0 0.508016 0.194503 0.066032 0.04734
