0 0.097687 0.501374 0.057875 0.040247
0 0.160709 0.481756 0.049543 0.084346
0 0.2796 0.539191 0.0592 0.190883
0 0.330133 0.552242 0.085267 0.183651
0 0.321763 0.465891 0.081026 0.135949
0 0.355573 0.487025 0.092396 0.12405
0 0.372714 0.47803 0.107928 0.126893
0 0.175781 0.826042 0.039062 0.110417
0 0.221094 0.778125 0.073438 0.089583
0 0.211719 0.869792 0.060938 0.139583
0 0.89716 0.865658 0.063069 0.118815
0 0.423438 0.232292 0.08125 0.085417
0 0.40625 0.298958 0.05 0.11875
0 0.694929 0.406149 0.083609 0.066465
0 0.190076 0.332611 0.083277 0.086056
0 0.157391 0.354768 0.061656 0.101202
0 0.164286 0.314765 0.066073 0.075364
0 0.148087 0.299855 0.049298 0.058043
0 0.598062 0.639333 0.071124 0.107832
0 0.601265 0.615482 0.07753 0.09763
0 0.595864 0.59022 0.069852 0.076274
0 0.565161 0.567624 0.052196 0.064414
0 0.588573 0.565274 0.06152 0.055548
0 0.606199 0.557304 0.074898 0.052108
0 0.860156 0.719792 0.114062 0.035417
0 0.852344 0.760417 0.110938 0.066667
0 0.854688 0.809375 0.109375 0.09375
0 0.870312 0.848958 0.115625 0.127083
0 0.830469 0.848958 0.085938 0.127083
0 0.799219 0.811458 0.067188 0.102083
0 0.7875 0.766667 0.0625 0.070833
0 0.750781 0.820833 0.039062 0.120833
0 0.785938 0.848958 0.059375 0.127083
0 0.755469 0.86875 0.042188 0.141667
0 0.81875 0.907292 0.096875 0.172917
0 0.913287 0.61192 0.067199 0.08634
0 0.61931 0.759697 0.16362 0.12356
0 0.498425 0.772705 0.081226 0.153744
0 0.576836 0.686963 0.131798 0.065593
0 0.563484 0.419107 0.095719 0.079881
0 0.558846 0.475053 0.086442 0.112606
0 0.529687 0.504389 0.065624 0.129612
0 0.513906 0.429975 0.059062 0.08495
0 0.16685 0.649503 0.064951 0.086506
0 0.186813 0.701044 0.073625 0.114589
0 0.220813 0.718151 0.094752 0.123802
0 0.216399 0.643321 0.095299 0.078308
0 0.976562 0.122917 0.19375 0.083333
0 1.009375 0.186458 0.215625 0.13125
0 0.945312 0.205208 0.175 0.122917
0 0.95 0.254167 0.171875 0.154167
0 0.88125 0.238542 0.128125 0.152083
0 0.93125 0.313542 0.15625 0.20625
0 0.896875 0.313542 0.128125 0.18125
0 0.878125 0.351042 0.109375 0.222917
0 0.924219 0.415625 0.145312 0.26875
0 0.903125 0.386458 0.128125 0.252083
0 0.853125 0.3 0.09375 0.1875
0 0.775 0.328125 0.065625 0.21875
0 0.814062 0.34375 0.06875 0.216667
0 0.84375 0.348958 0.084375 0.227083
0 0.853125 0.426042 0.103125 0.264583
0 0.817188 0.4 0.06875 0.254167
0 0.784375 0.430208 0.046875 0.26875
0 0.8125 0.46875 0.071875 0.3
0 0.871875 0.492708 0.115625 0.314583
0 0.903906 0.514583 0.142188 0.341667
0 0.814062 0.522917 0.0875 0.341667
0 0.764062 0.484375 0.040625 0.314583
0 0.822621 0.601042 0.070243 0.102083
