0 0.535142 0.225949 0.039034 0.060232
0 0.444531 0.587188 0.060938 0.078543
0 0.050781 0.157292 0.054688 0.085417
0 0.714844 0.359375 0.054688 0.10625
0 0.765625 0.33125 0.1 0.070833
0 0.783594 0.3875 0.101562 0.125
0 0.760156 0.479167 0.092188 0.208333
0 0.514095 0.459367 0.07194 0.085402
0 0.507022 0.485269 0.060919 0.091371
0 0.499787 0.512496 0.062073 0.120825
0 0.480018 0.466098 0.050661 0.094695
0 0.460733 0.506915 0.040217 0.12633
0 0.70186 0.904795 0.069346 0.09709
0 0.594531 0.473958 0.045312 0.08125
0 0.28125 0.238542 0.046875 0.11875
0 0.321094 0.192708 0.057812 0.035417
0 0.340625 0.204167 0.071875 0.0375
0 0.353906 0.226042 0.085938 0.064583
0 0.327344 0.251042 0.067188 0.077083
0 0.333594 0.290625 0.082812 0.127083
0 0.382031 0.259375 0.107812 0.085417
0 0.402344 0.213542 0.123438 0.05625
0 0.428906 0.248958 0.148438 0.110417
0 0.388281 0.320833 0.117188 0.1375
0 0.307504 0.804368 0.071258 0.096235
0 0.936006 0.08889 0.050138 0.09028
0 0.675602 0.773109 0.110579 0.137885
0 0.587565 0.929838 0.07513 0.055509
0 0.904688 0.636458 0.09375 0.072917
0 0.957031 0.7 0.117188 0.129167
0 0.928125 0.713542 0.096875 0.114583
0 0.850781 0.696875 0.060938 0.147917
0 0.917188 0.778125 0.0875 0.160417
0 0.890625 0.828125 0.090625 0.202083
0 0.239442 0.773082 0.147634 0.316998
0 0.201046 0.759477 0.123967 0.31062
0 0.229308 0.711647 0.136741 0.269128
0 0.212824 0.68882 0.122523 0.248474
0 0.246605 0.644004 0.14946 0.225507
0 0.198811 0.63656 0.116372 0.218953
0 0.223337 0.623128 0.121673 0.192089
0 0.218028 0.582702 0.120431 0.16957
0 0.171563 0.577674 0.093125 0.172015
0 0.192085 0.57734 0.106045 0.171347
0 0.246453 0.592629 0.139782 0.176925
0 0.262495 0.516697 0.165616 0.150061
0 0.249312 0.540279 0.142374 0.143059
0 0.233241 0.556238 0.132108 0.154142
0 0.203055 0.525921 0.112359 0.135176
0 0.229731 0.511158 0.128212 0.122316
0 0.237235 0.474145 0.13072 0.094124
0 0.206252 0.470424 0.115629 0.099181
0 0.169631 0.500081 0.092387 0.120996
0 0.141946 0.505114 0.080766 0.135228
0 0.181764 0.439664 0.107277 0.091827
0 0.223479 0.425786 0.128207 0.072406
0 0.449102 0.712509 0.051329 0.104186
0 0.932812 0.35 0.1 0.125
0 0.889844 0.290625 0.064062 0.05625
0 0.851562 0.323958 0.04375 0.085417
0 0.875781 0.369792 0.060938 0.122917
