0 0.736622 0.333838 0.07637 0.109343
0 0.71749 0.323949 0.056855 0.089565
0 0.711399 0.347928 0.063424 0.125023
0 0.699485 0.314844 0.04897 0.092189
0 0.686769 0.328107 0.039164 0.09788
0 0.315625 0.325 0.08125 0.1
0 0.36875 0.425 0.109375 0.15
0 0.298438 0.458333 0.075 0.166667
0 0.339844 0.517708 0.085938 0.189583
0 0.352344 0.555208 0.098438 0.222917
0 0.7 0.714583 0.05625 0.0625
0 0.803366 0.506336 0.050482 0.104338
0 0.467969 0.486458 0.048438 0.060417
0 0.730672 0.539941 0.095719 0.079881
0 0.726034 0.595886 0.086442 0.112606
0 0.696875 0.625223 0.065624 0.129612
0 0.681093 0.550809 0.059062 0.08495
0 0.443199 0.860078 0.073898 0.086823
0 0.437457 0.88972 0.059289 0.091941
0 0.445997 0.904325 0.070118 0.108649
0 0.477996 0.91663 0.105993 0.137426
0 0.424524 0.903012 0.055297 0.106023
0 0.471355 0.660318 0.070835 0.083136
0 0.441022 0.679948 0.053919 0.101563
0 0.464601 0.70543 0.072952 0.123361
0 0.442021 0.716854 0.068417 0.150375
0 0.18702 0.464951 0.045915 0.075735
0 0.903688 0.923395 0.088625 0.217623
0 0.933307 0.835505 0.100988 0.141843
0 0.876435 0.824887 0.071621 0.133108
0 0.902694 0.776392 0.074137 0.08195
0 0.906205 0.733108 0.08116 0.062049
0 0.101562 0.101042 0.04375 0.08125
0 0.306624 0.730167 0.075747 0.114501
0 0.369124 0.705957 0.116373 0.095246
0 0.1 0.835417 0.059375 0.108333
0 0.581339 0.093684 0.143927 0.095701
0 0.617312 0.124699 0.169 0.120231
0 0.579798 0.166983 0.140846 0.133966
0 0.593292 0.201788 0.145959 0.153577
0 0.546106 0.219936 0.117212 0.173206
0 0.59575 0.254192 0.14775 0.195884
0 0.572872 0.270631 0.123869 0.187096
0 0.570006 0.308528 0.121263 0.221224
0 0.613411 0.333221 0.154948 0.241442
0 0.593456 0.321724 0.140037 0.235114
0 0.542166 0.283026 0.103082 0.203552
0 0.497583 0.329507 0.09204 0.254848
0 0.52648 0.330727 0.093584 0.236454
0 0.546779 0.323286 0.106059 0.234072
0 0.569617 0.370075 0.126735 0.260984
0 0.541697 0.370562 0.102144 0.261958
0 0.526918 0.407808 0.091336 0.282282
0 0.554187 0.419667 0.114624 0.297668
0 0.598112 0.410201 0.146225 0.291234
0 0.623848 0.409444 0.169571 0.302222
0 0.567116 0.452693 0.134232 0.330387
0 0.525442 0.453127 0.097759 0.32292
0 0.112945 0.964531 0.05714 0.058228
0 0.519459 0.615188 0.029542 0.080376
0 0.537479 0.618556 0.037458 0.06628
0 0.552287 0.597716 0.054573 0.062099
0 0.54946 0.679088 0.048919 0.133176
0 0.579491 0.678073 0.074607 0.131145
