0 0.685156 0.554167 0.048438 0.095833
0 0.735156 0.521875 0.085938 0.060417
0 0.782031 0.557292 0.114062 0.102083
0 0.815625 0.582292 0.128125 0.110417
0 0.859375 0.5875 0.159375 0.129167
0 0.810938 0.669792 0.13125 0.172917
0 0.742969 0.6625 0.092188 0.179167
0 0.698438 0.644792 0.0625 0.152083
0 0.739844 0.583333 0.076562 0.104167
0 0.628906 0.942708 0.039062 0.110417
0 0.674219 0.894792 0.073438 0.089583
0 0.664844 0.986458 0.060938 0.139583
0 0.271875 0.242708 0.0875 0.097917
0 0.292188 0.348958 0.109375 0.14375
0 0.246094 0.405208 0.092188 0.18125
0 0.196875 0.371875 0.034375 0.160417
0 0.286719 0.471875 0.104688 0.23125
0 0.948438 0.833333 0.1 0.125
0 0.905469 0.773958 0.064062 0.05625
0 0.867188 0.807292 0.04375 0.085417
0 0.891406 0.853125 0.060938 0.122917
0 0.588281 0.111458 0.048438 0.06875
0 0.635156 0.176042 0.076562 0.11875
0 0.928906 0.597605 0.060938 0.078543
0 0.641343 0.693747 0.070186 0.074994
0 0.643804 0.75747 0.075107 0.123273
0 0.608712 0.717807 0.054925 0.10228
0 0.602789 0.755598 0.061828 0.14453
0 0.530396 0.252688 0.029542 0.080376
0 0.548416 0.256056 0.037458 0.06628
0 0.563224 0.235216 0.054573 0.062099
0 0.560397 0.316588 0.048919 0.133176
0 0.590429 0.315573 0.074607 0.131145
0 0.710465 0.326668 0.06468 0.136668
0 0.699034 0.319396 0.051193 0.117959
0 0.680415 0.310116 0.045204 0.124398
0 0.697539 0.258881 0.057578 0.096928
0 0.671643 0.230303 0.043285 0.081438
0 0.384118 0.806965 0.055735 0.068096
0 0.323438 0.215625 0.0375 0.06875
0 0.413484 0.085774 0.095719 0.079881
0 0.408846 0.14172 0.086442 0.112606
0 0.379687 0.171056 0.065624 0.129612
0 0.363906 0.096642 0.059062 0.08495
0 0.350086 0.843877 0.143921 0.096087
0 0.318653 0.822473 0.099806 0.04078
0 0.30428 0.835587 0.08981 0.046174
0 0.293275 0.855373 0.089674 0.069079
0 0.320331 0.86546 0.106287 0.072588
0 0.316272 0.89349 0.11692 0.111981
0 0.274018 0.886563 0.079285 0.089792
0 0.247353 0.859785 0.063455 0.073736
0 0.227818 0.892669 0.061885 0.118671
0 0.276668 0.931115 0.087711 0.128896
0 0.914905 0.534634 0.057934 0.110934
0 0.920222 0.477227 0.056069 0.066954
0 0.895129 0.494892 0.040258 0.077284
0 0.541292 0.493482 0.057584 0.082797
0 0.753125 0.146875 0.053125 0.04375
