0 0.296499 0.593499 0.071124 0.107832
0 0.299702 0.569649 0.07753 0.09763
0 0.294301 0.544387 0.069852 0.076274
0 0.263598 0.52179 0.052196 0.064414
0 0.28701 0.519441 0.06152 0.055548
0 0.304636 0.511471 0.074898 0.052108
0 0.98643 0.513664 0.097861 0.043995
0 0.958105 0.529331 0.08496 0.058661
0 0.942863 0.565347 0.070101 0.076528
0 0.957161 0.61159 0.079947 0.114846
0 0.930118 0.600301 0.053986 0.100603
0 0.898641 0.5915 0.037908 0.095501
0 0.836196 0.282629 0.044266 0.081925
0 0.931283 0.801034 0.07194 0.085402
0 0.924209 0.826936 0.060919 0.091371
0 0.916974 0.854162 0.062073 0.120825
0 0.897205 0.807764 0.050661 0.094695
0 0.877921 0.848581 0.040217 0.12633
0 0.051562 0.815625 0.04375 0.08125
0 0.324293 0.700351 0.061086 0.117368
0 0.225781 0.751042 0.114062 0.035417
0 0.217969 0.791667 0.110938 0.066667
0 0.220312 0.840625 0.109375 0.09375
0 0.235938 0.880208 0.115625 0.127083
0 0.196094 0.880208 0.085938 0.127083
0 0.164844 0.842708 0.067188 0.102083
0 0.153125 0.797917 0.0625 0.070833
0 0.116406 0.852083 0.039062 0.120833
0 0.151562 0.880208 0.059375 0.127083
0 0.121094 0.9 0.042188 0.141667
0 0.184375 0.938542 0.096875 0.172917
0 0.691477 0.8514 0.082955 0.081966
0 0.732325 0.841704 0.105275 0.070907
0 0.676439 0.88269 0.068504 0.098713
0 0.730869 0.902229 0.102363 0.108624
0 0.772742 0.88958 0.132984 0.104159
0 0.735731 0.868775 0.105836 0.08755
0 0.711649 0.874798 0.085798 0.087096
0 0.701562 0.900563 0.084375 0.10946
0 0.670627 0.922169 0.066254 0.127672
0 0.722692 0.932897 0.107884 0.140793
0 0.766898 0.85637 0.13067 0.083574
0 0.107696 0.232413 0.087268 0.06066
0 0.494531 0.254167 0.064062 0.054167
0 0.467969 0.307292 0.042188 0.08125
0 0.489844 0.363542 0.064062 0.139583
0 0.737945 0.512447 0.05714 0.058228
0 0.532898 0.90221 0.143921 0.096087
0 0.501465 0.880807 0.099806 0.04078
0 0.487093 0.893921 0.08981 0.046174
0 0.476087 0.913706 0.089674 0.069079
0 0.503143 0.923794 0.106287 0.072588
0 0.499085 0.951824 0.11692 0.111981
0 0.45683 0.944896 0.079285 0.089792
0 0.430165 0.918118 0.063455 0.073736
0 0.41063 0.951002 0.061885 0.118671
0 0.45948 0.989448 0.087711 0.128896
0 0.076062 0.576951 0.05525 0.066401
0 0.551562 0.476042 0.09375 0.072917
0 0.603906 0.539583 0.117188 0.129167
0 0.575 0.553125 0.096875 0.114583
0 0.497656 0.536458 0.060938 0.147917
0 0.564062 0.617708 0.0875 0.160417
0 0.5375 0.667708 0.090625 0.202083
0 0.785156 0.128125 0.089062 0.060417
0 0.824219 0.194792 0.107812 0.110417
0 0.908594 0.197917 0.148438 0.133333
0 0.753019 0.617562 0.065413 0.060123
