0 0.137624 0.299604 0.081498 0.099209
0 0.110533 0.333521 0.049192 0.104543
0 0.462853 0.759581 0.075705 0.077495
0 0.441879 0.166868 0.071258 0.096235
0 0.763281 0.141667 0.064062 0.054167
0 0.736719 0.194792 0.042188 0.08125
0 0.758594 0.251042 0.064062 0.139583
0 0.212906 0.818248 0.053938 0.103163
0 0.260551 0.759897 0.089852 0.069794
0 0.081915 0.570843 0.051329 0.104186
0 0.735938 0.625 0.05625 0.0625
0 0.825 0.322917 0.059375 0.108333
0 0.055469 0.276042 0.039062 0.05625
0 0.972656 0.705208 0.114062 0.035417
0 0.964844 0.745833 0.110938 0.066667
0 0.967188 0.794792 0.109375 0.09375
0 0.982812 0.834375 0.115625 0.127083
0 0.942969 0.834375 0.085938 0.127083
0 0.911719 0.796875 0.067188 0.102083
0 0.9 0.752083 0.0625 0.070833
0 0.863281 0.80625 0.039062 0.120833
0 0.898438 0.834375 0.059375 0.127083
0 0.867969 0.854167 0.042188 0.141667
0 0.93125 0.892708 0.096875 0.172917
0 0.35 0.088542 0.09375 0.072917
0 0.402344 0.152083 0.117188 0.129167
0 0.373438 0.165625 0.096875 0.114583
0 0.296094 0.148958 0.060938 0.147917
0 0.3625 0.230208 0.0875 0.160417
0 0.335938 0.280208 0.090625 0.202083
0 0.176847 0.530241 0.063069 0.118815
0 0.559749 0.473917 0.075747 0.114501
0 0.622249 0.449707 0.116373 0.095246
0 0.762122 0.460903 0.067994 0.088472
0 0.350328 0.621117 0.116281 0.188067
0 0.366304 0.568266 0.129483 0.157366
0 0.321271 0.520687 0.105042 0.137207
0 0.249688 0.523634 0.058751 0.147268
0 0.317006 0.438261 0.084013 0.051522
0 0.116445 0.10691 0.051639 0.10132
