0 0.67347 0.286451 0.07194 0.085402
0 0.666397 0.312352 0.060919 0.091371
0 0.659162 0.339579 0.062073 0.120825
0 0.639393 0.293181 0.050661 0.094695
0 0.620108 0.333998 0.040217 0.12633
0 0.329137 0.524662 0.073898 0.086823
0 0.323395 0.554304 0.059289 0.091941
0 0.331934 0.568908 0.070118 0.108649
0 0.363934 0.581213 0.105993 0.137426
0 0.310461 0.567595 0.055297 0.106023
0 0.259375 0.876042 0.08125 0.072917
0 0.844531 0.105208 0.042188 0.052083
0 0.885938 0.113542 0.06875 0.05625
0 0.871094 0.148958 0.064062 0.077083
0 0.850781 0.184375 0.051562 0.10625
0 0.406367 0.160725 0.093983 0.083949
0 0.427479 0.203576 0.111207 0.115485
0 0.405939 0.208701 0.086878 0.104902
0 0.380618 0.195301 0.076862 0.10727
0 0.387081 0.247629 0.086662 0.141091
0 0.363382 0.280999 0.07989 0.166164
0 0.721793 0.55075 0.106086 0.134832
0 0.422656 0.478125 0.048438 0.097917
0 0.556168 0.589364 0.056085 0.120395
0 0.564751 0.681164 0.060752 0.166495
0 0.596289 0.699176 0.089453 0.185851
0 0.627775 0.647006 0.096174 0.139845
0 0.595308 0.771348 0.081241 0.230195
0 0.425746 0.669792 0.070243 0.102083
0 0.190625 0.898958 0.0375 0.13125
0 0.118874 0.482938 0.081498 0.099209
0 0.091783 0.516855 0.049192 0.104543
0 0.316102 0.345416 0.038453 0.082499
0 0.853906 0.524688 0.060938 0.078543
0 0.396961 0.723044 0.143921 0.096087
0 0.365528 0.70164 0.099806 0.04078
0 0.351155 0.714754 0.08981 0.046174
0 0.34015 0.73454 0.089674 0.069079
0 0.367206 0.744627 0.106287 0.072588
0 0.363147 0.772657 0.11692 0.111981
0 0.320893 0.76573 0.079285 0.089792
0 0.294228 0.738951 0.063455 0.073736
0 0.274693 0.771835 0.061885 0.118671
0 0.323543 0.810281 0.087711 0.128896
0 0.071171 0.606908 0.048592 0.059649
0 0.205469 0.332292 0.032812 0.052083
0 0.224219 0.359375 0.048438 0.077083
0 0.260156 0.378125 0.067188 0.085417
0 0.304688 0.352083 0.103125 0.066667
0 0.296094 0.395833 0.092188 0.0875
0 0.291406 0.43125 0.089062 0.116667
