0 0.458594 0.421875 0.048438 0.08125
0 0.520846 0.161335 0.066693 0.14767
0 0.493944 0.085185 0.053512 0.10787
0 0.344342 0.141128 0.04806 0.069756
0 0.515658 0.909367 0.07194 0.085402
0 0.508584 0.935269 0.060919 0.091371
0 0.501349 0.962496 0.062073 0.120825
0 0.48158 0.916098 0.050661 0.094695
0 0.462296 0.956915 0.040217 0.12633
0 0.717188 0.905208 0.084375 0.139583
0 0.513281 0.617708 0.054688 0.085417
0 0.711749 0.64703 0.085998 0.148226
0 0.769029 0.597327 0.109933 0.107154
0 0.833388 0.608013 0.141777 0.09936
0 0.902651 0.626311 0.199052 0.119289
0 0.903566 0.666944 0.194632 0.142221
0 0.870125 0.639502 0.162124 0.116504
0 0.825248 0.652885 0.137996 0.126604
0 0.78738 0.667344 0.109135 0.143022
0 0.80539 0.704195 0.129531 0.175057
0 0.848882 0.72513 0.160263 0.18776
0 0.858375 0.679307 0.15425 0.141948
0 0.326651 0.552017 0.143927 0.095701
0 0.362625 0.583032 0.169 0.120231
0 0.32511 0.625316 0.140846 0.133966
0 0.338604 0.660122 0.145959 0.153577
0 0.291418 0.678269 0.117212 0.173206
0 0.341062 0.712525 0.14775 0.195884
0 0.318185 0.728965 0.123869 0.187096
0 0.315319 0.766862 0.121263 0.221224
0 0.358724 0.791554 0.154948 0.241442
0 0.338768 0.780057 0.140037 0.235114
0 0.287479 0.741359 0.103082 0.203552
0 0.242895 0.787841 0.09204 0.254848
0 0.271792 0.78906 0.093584 0.236454
0 0.292092 0.781619 0.106059 0.234072
0 0.31493 0.828409 0.126735 0.260984
0 0.287009 0.828896 0.102144 0.261958
0 0.272231 0.866141 0.091336 0.282282
0 0.2995 0.878 0.114624 0.297668
0 0.343425 0.868534 0.146225 0.291234
0 0.369161 0.867777 0.169571 0.302222
0 0.312428 0.911027 0.134232 0.330387
0 0.270754 0.91146 0.097759 0.32292
0 0.40504 0.307498 0.075705 0.077495
0 0.635832 0.902978 0.065413 0.060123
0 0.212374 0.056005 0.040372 0.062009
0 0.248062 0.235166 0.071124 0.107832
0 0.251265 0.211315 0.07753 0.09763
0 0.245864 0.186053 0.069852 0.076274
0 0.215161 0.163457 0.052196 0.064414
0 0.238573 0.161107 0.06152 0.055548
0 0.256199 0.153137 0.074898 0.052108
0 0.515625 0.76875 0.1 0.125
0 0.472656 0.709375 0.064062 0.05625
0 0.434375 0.742708 0.04375 0.085417
0 0.458594 0.788542 0.060938 0.122917
0 0.114943 0.475505 0.051762 0.138511
0 0.135975 0.386996 0.071949 0.086493
0 0.091308 0.413112 0.03574 0.092891
0 0.900781 0.323958 0.054688 0.10625
0 0.951562 0.295833 0.1 0.070833
0 0.969531 0.352083 0.101562 0.125
0 0.946094 0.44375 0.092188 0.208333
0 0.80778 0.195873 0.07181 0.079245
0 0.795039 0.25177 0.068202 0.124373
