0 0.942269 0.558536 0.047038 0.092073
0 0.607649 0.248955 0.096548 0.114577
0 0.631892 0.701556 0.076284 0.086446
0 0.66231 0.740744 0.080869 0.093987
0 0.643123 0.761169 0.073746 0.114005
0 0.624588 0.742083 0.064802 0.105
0 0.387977 0.618333 0.038453 0.082499
0 0.365625 0.180208 0.121875 0.122917
0 0.339062 0.219792 0.09375 0.135417
0 0.308594 0.194792 0.076562 0.127083
0 0.2625 0.098958 0.059375 0.085417
0 0.320312 0.25 0.084375 0.1625
0 0.741667 0.331186 0.042709 0.049871
0 0.764571 0.341024 0.063517 0.061214
0 0.785395 0.371028 0.073915 0.07539
0 0.78056 0.418108 0.070495 0.111216
0 0.806479 0.401582 0.081709 0.094831
0 0.82995 0.389811 0.100525 0.087956
0 0.306629 0.741832 0.147634 0.316998
0 0.268233 0.728227 0.123967 0.31062
0 0.296496 0.680397 0.136741 0.269128
0 0.280012 0.65757 0.122523 0.248474
0 0.313792 0.612754 0.14946 0.225507
0 0.265998 0.60531 0.116372 0.218953
0 0.290524 0.591878 0.121673 0.192089
0 0.285215 0.551452 0.120431 0.16957
0 0.23875 0.546424 0.093125 0.172015
0 0.259272 0.54609 0.106045 0.171347
0 0.313641 0.561379 0.139782 0.176925
0 0.329683 0.485447 0.165616 0.150061
0 0.3165 0.509029 0.142374 0.143059
0 0.300429 0.524988 0.132108 0.154142
0 0.270242 0.494671 0.112359 0.135176
0 0.296919 0.479908 0.128212 0.122316
0 0.304423 0.442895 0.13072 0.094124
0 0.273439 0.439174 0.115629 0.099181
0 0.236818 0.468831 0.092387 0.120996
0 0.209133 0.473864 0.080766 0.135228
0 0.248951 0.408414 0.107277 0.091827
0 0.290666 0.394536 0.128207 0.072406
0 0.91097 0.921867 0.07194 0.085402
0 0.903897 0.947769 0.060919 0.091371
0 0.896662 0.974996 0.062073 0.120825
0 0.876893 0.928598 0.050661 0.094695
0 0.857608 0.969415 0.040217 0.12633
0 0.179773 0.754294 0.143921 0.096087
0 0.14834 0.73289 0.099806 0.04078
0 0.133968 0.746004 0.08981 0.046174
0 0.122962 0.76579 0.089674 0.069079
0 0.150018 0.775877 0.106287 0.072588
0 0.14596 0.803907 0.11692 0.111981
0 0.103705 0.79698 0.079285 0.089792
0 0.07704 0.770201 0.063455 0.073736
0 0.057505 0.803085 0.061885 0.118671
0 0.106355 0.841531 0.087711 0.128896
0 0.758594 0.560417 0.079688 0.083333
0 0.725781 0.623958 0.057812 0.13125
0 0.788281 0.642708 0.101562 0.122917
0 0.788281 0.691667 0.095312 0.154167
0 0.855469 0.676042 0.142188 0.152083
0 0.809375 0.751042 0.10625 0.20625
0 0.847656 0.751042 0.126562 0.18125
0 0.871094 0.788542 0.135938 0.222917
0 0.821094 0.853125 0.107812 0.26875
0 0.844531 0.823958 0.120312 0.252083
0 0.895312 0.7375 0.153125 0.1875
0 0.955469 0.765625 0.217188 0.21875
0 0.933594 0.78125 0.179688 0.216667
0 0.907031 0.786458 0.157812 0.227083
0 0.888281 0.863542 0.157812 0.264583
0 0.932031 0.8375 0.176562 0.254167
0 0.964844 0.867708 0.198438 0.26875
0 0.932031 0.90625 0.182812 0.3
0 0.869531 0.930208 0.145312 0.314583
0 0.833594 0.952083 0.126562 0.341667
0 0.919531 0.960417 0.189062 0.341667
0 0.979688 0.921875 0.215625 0.314583
