0 0.765493 0.091344 0.152862 0.049354
0 0.733498 0.107293 0.132621 0.060419
0 0.781813 0.198299 0.157376 0.113265
0 0.702895 0.250204 0.121416 0.162909
0 0.752899 0.253911 0.133923 0.145321
0 0.734704 0.222127 0.128783 0.131754
0 0.727656 0.17665 0.133437 0.107466
0 0.805588 0.164744 0.189301 0.104489
0 0.850778 0.23994 0.207806 0.142379
0 0.887296 0.269063 0.240216 0.171458
0 0.826516 0.203021 0.190532 0.118542
0 0.81648 0.229907 0.18296 0.134813
0 0.776793 0.222045 0.147337 0.123256
0 0.782015 0.24702 0.154656 0.14404
0 0.80488 0.267015 0.17226 0.15903
0 0.832413 0.274496 0.192951 0.16566
0 0.752922 0.283688 0.155844 0.184042
0 0.436719 0.370833 0.079688 0.083333
0 0.403906 0.434375 0.057812 0.13125
0 0.466406 0.453125 0.101562 0.122917
0 0.466406 0.502083 0.095312 0.154167
0 0.533594 0.486458 0.142188 0.152083
0 0.4875 0.561458 0.10625 0.20625
0 0.525781 0.561458 0.126562 0.18125
0 0.549219 0.598958 0.135938 0.222917
0 0.499219 0.663542 0.107812 0.26875
0 0.522656 0.634375 0.120312 0.252083
0 0.573438 0.547917 0.153125 0.1875
0 0.633594 0.576042 0.217188 0.21875
0 0.611719 0.591667 0.179688 0.216667
0 0.585156 0.596875 0.157812 0.227083
0 0.566406 0.673958 0.157812 0.264583
0 0.610156 0.647917 0.176562 0.254167
0 0.642969 0.678125 0.198438 0.26875
0 0.610156 0.716667 0.182812 0.3
0 0.547656 0.740625 0.145312 0.314583
0 0.511719 0.7625 0.126562 0.341667
0 0.597656 0.770833 0.189062 0.341667
0 0.657812 0.732292 0.215625 0.314583
0 0.889148 0.875127 0.143921 0.096087
0 0.857715 0.853723 0.099806 0.04078
0 0.843343 0.866837 0.08981 0.046174
0 0.832337 0.886623 0.089674 0.069079
0 0.859393 0.89671 0.106287 0.072588
0 0.855335 0.92474 0.11692 0.111981
0 0.81308 0.917813 0.079285 0.089792
0 0.786415 0.891035 0.063455 0.073736
0 0.76688 0.923919 0.061885 0.118671
0 0.81573 0.962365 0.087711 0.128896
0 0.792969 0.707292 0.089062 0.060417
0 0.832031 0.773958 0.107812 0.110417
0 0.916406 0.777083 0.148438 0.133333
0 0.253214 0.724934 0.143927 0.095701
0 0.289187 0.755949 0.169 0.120231
0 0.251673 0.798233 0.140846 0.133966
0 0.265167 0.833038 0.145959 0.153577
0 0.217981 0.851186 0.117212 0.173206
0 0.267625 0.885442 0.14775 0.195884
0 0.244747 0.901881 0.123869 0.187096
0 0.241881 0.939778 0.121263 0.221224
0 0.285286 0.964471 0.154948 0.241442
0 0.265331 0.952974 0.140037 0.235114
0 0.214041 0.914276 0.103082 0.203552
0 0.169458 0.960757 0.09204 0.254848
0 0.198355 0.961977 0.093584 0.236454
0 0.218654 0.954536 0.106059 0.234072
0 0.241492 1.001325 0.126735 0.260984
0 0.213572 1.001812 0.102144 0.261958
0 0.198793 1.039058 0.091336 0.282282
0 0.226062 1.050917 0.114624 0.297668
0 0.269987 1.041451 0.146225 0.291234
0 0.295723 1.040694 0.169571 0.302222
0 0.238991 1.083943 0.134232 0.330387
0 0.197317 1.084377 0.097759 0.32292
0 0.4452 0.956227 0.059151 0.145788
0 0.419902 0.891022 0.046054 0.107045
0 0.468993 0.901328 0.081737 0.119322
0 0.452203 0.850876 0.085657 0.097586
0 0.113936 0.331005 0.040372 0.062009
0 0.817485 0.427712 0.069346 0.09709
0 0.886818 0.235922 0.051762 0.138511
0 0.90785 0.147413 0.071949 0.086493
0 0.863183 0.173529 0.03574 0.092891
0 0.728592 0.669347 0.085308 0.072028
0 0.708995 0.713124 0.074241 0.101248
0 0.694494 0.67492 0.063988 0.07484
0 0.668853 0.676284 0.04083 0.069236
0 0.270686 0.111417 0.075747 0.114501
0 0.333187 0.087207 0.116373 0.095246
0 0.755469 0.36875 0.064062 0.054167
0 0.728906 0.421875 0.042188 0.08125
0 0.750781 0.478125 0.064062 0.139583
0 0.997656 0.323958 0.114062 0.035417
0 0.989844 0.364583 0.110938 0.066667
0 0.992188 0.413542 0.109375 0.09375
0 1.007812 0.453125 0.115625 0.127083
0 0.967969 0.453125 0.085938 0.127083
0 0.936719 0.415625 0.067188 0.102083
0 0.925 0.370833 0.0625 0.070833
0 0.888281 0.425 0.039062 0.120833
0 0.923438 0.453125 0.059375 0.127083
0 0.892969 0.472917 0.042188 0.141667
0 0.95625 0.511458 0.096875 0.172917
0 0.649219 0.538542 0.045312 0.08125
0 0.439062 0.164583 0.08125 0.045833
0 0.390625 0.173958 0.046875 0.05625
0 0.423438 0.211458 0.06875 0.08125
0 0.417188 0.255208 0.059375 0.102083
0 0.733257 0.535364 0.05714 0.058228
