0 0.392721 0.432168 0.066693 0.14767
0 0.365819 0.356018 0.053512 0.10787
0 0.208668 0.754517 0.061086 0.117368
0 0.48678 0.780467 0.057934 0.110934
0 0.492097 0.72306 0.056069 0.066954
0 0.467004 0.740726 0.040258 0.077284
0 0.5625 0.414583 0.05625 0.066667
0 0.976891 0.52945 0.116281 0.188067
0 0.992866 0.4766 0.129483 0.157366
0 0.947833 0.42902 0.105042 0.137207
0 0.876251 0.431967 0.058751 0.147268
0 0.943569 0.346594 0.084013 0.051522
0 0.672965 0.572501 0.06468 0.136668
0 0.661534 0.56523 0.051193 0.117959
0 0.642915 0.555949 0.045204 0.124398
0 0.660039 0.504714 0.057578 0.096928
0 0.634143 0.476136 0.043285 0.081438
0 0.083854 0.537436 0.042709 0.049871
0 0.106758 0.547274 0.063517 0.061214
0 0.127583 0.577278 0.073915 0.07539
0 0.122747 0.624358 0.070495 0.111216
0 0.148667 0.607832 0.081709 0.094831
0 0.172137 0.596061 0.100525 0.087956
0 0.121094 0.865625 0.042188 0.052083
0 0.1625 0.873958 0.06875 0.05625
0 0.147656 0.909375 0.064062 0.077083
0 0.127344 0.944792 0.051562 0.10625
0 0.680094 0.378665 0.053938 0.103163
0 0.727739 0.320313 0.089852 0.069794
0 0.914062 0.155208 0.084375 0.139583
0 0.147656 0.225 0.048438 0.095833
0 0.197656 0.192708 0.085938 0.060417
0 0.244531 0.228125 0.114062 0.102083
0 0.278125 0.253125 0.128125 0.110417
0 0.321875 0.258333 0.159375 0.129167
0 0.273438 0.340625 0.13125 0.172917
0 0.205469 0.333333 0.092188 0.179167
0 0.160938 0.315625 0.0625 0.152083
0 0.202344 0.254167 0.076562 0.104167
0 0.327125 0.719228 0.088625 0.217623
0 0.356744 0.631338 0.100988 0.141843
0 0.299873 0.620721 0.071621 0.133108
0 0.326131 0.572225 0.074137 0.08195
0 0.329642 0.528941 0.08116 0.062049
0 0.80625 0.571875 0.084375 0.139583
0 0.574219 0.666667 0.079688 0.083333
0 0.541406 0.730208 0.057812 0.13125
0 0.603906 0.748958 0.101562 0.122917
0 0.603906 0.797917 0.095312 0.154167
0 0.671094 0.782292 0.142188 0.152083
0 0.625 0.857292 0.10625 0.20625
0 0.663281 0.857292 0.126562 0.18125
0 0.686719 0.894792 0.135938 0.222917
0 0.636719 0.959375 0.107812 0.26875
0 0.660156 0.930208 0.120312 0.252083
0 0.710938 0.84375 0.153125 0.1875
0 0.771094 0.871875 0.217188 0.21875
0 0.749219 0.8875 0.179688 0.216667
0 0.722656 0.892708 0.157812 0.227083
0 0.703906 0.969792 0.157812 0.264583
0 0.747656 0.94375 0.176562 0.254167
0 0.780469 0.973958 0.198438 0.26875
0 0.747656 1.0125 0.182812 0.3
0 0.685156 1.036458 0.145312 0.314583
0 0.649219 1.058333 0.126562 0.341667
0 0.735156 1.066667 0.189062 0.341667
0 0.795312 1.028125 0.215625 0.314583
0 0.860525 0.914204 0.04605 0.111741
0 0.050781 0.096875 0.054688 0.085417
