0 0.681717 0.561014 0.085308 0.072028
0 0.66212 0.60479 0.074241 0.101248
0 0.647619 0.566586 0.063988 0.07484
0 0.621978 0.567951 0.04083 0.069236
0 0.112253 0.652567 0.062006 0.196801
0 0.162859 0.644428 0.088218 0.176356
0 0.146321 0.568597 0.080143 0.133028
0 0.181641 0.575799 0.091406 0.114098
0 0.19699 0.562416 0.106479 0.112331
0 0.080469 0.317708 0.060938 0.064583
0 0.052344 0.380208 0.032812 0.10625
0 0.091406 0.3875 0.064062 0.104167
0 0.096245 0.161224 0.04249 0.130782
0 0.289127 0.104838 0.07513 0.055509
0 0.486719 0.242708 0.167188 0.09375
0 0.410156 0.203125 0.132812 0.052083
0 0.341406 0.225 0.082812 0.0625
0 0.400781 0.308333 0.120312 0.129167
0 0.489844 0.340625 0.170312 0.160417
0 0.425781 0.363542 0.139062 0.164583
0 0.35 0.355208 0.0875 0.164583
0 0.326562 0.451042 0.071875 0.222917
0 0.378906 0.501042 0.110938 0.277083
0 0.453906 0.298958 0.142188 0.11875
0 0.399219 0.238542 0.104688 0.072917
0 0.438281 0.25 0.129688 0.079167
0 0.333594 0.292708 0.067188 0.114583
0 0.741406 0.246875 0.048438 0.08125
0 0.42758 0.889393 0.052036 0.11212
0 0.462932 0.827463 0.066489 0.071592
0 0.421766 0.825099 0.043532 0.062699
0 0.636719 0.294792 0.039062 0.110417
0 0.682031 0.246875 0.073438 0.089583
0 0.672656 0.338542 0.060938 0.139583
0 0.322689 0.979165 0.076628 0.22083
0 0.291669 0.909023 0.058337 0.155546
0 0.308629 0.846516 0.079758 0.118032
0 0.361196 0.860197 0.097392 0.120394
0 0.277881 0.79918 0.049512 0.08586
0 0.401847 0.098991 0.063069 0.118815
0 0.923735 0.111045 0.069346 0.09709
0 0.204561 0.276838 0.040372 0.062009
0 0.753886 0.856952 0.085897 0.14307
0 0.780816 0.819586 0.089757 0.101672
0 0.766701 0.755115 0.089652 0.068564
0 0.748257 0.772674 0.065264 0.066182
0 0.738269 0.808316 0.064038 0.095799
0 0.756592 0.09189 0.072559 0.062946
0 0.835905 0.497956 0.07181 0.079245
0 0.823164 0.553853 0.068202 0.124373
